Category,Rating,Reviews,Size_Mega,Installs,Price_dollar,Current Ver
ART_AND_DESIGN,4.1,159,19.0,10000,0.0,1.0
ART_AND_DESIGN,3.9,967,14.0,500000,0.0,2.0
ART_AND_DESIGN,4.7,87510,8.7,5000000,0.0,1.2
ART_AND_DESIGN,4.3,967,2.8,100000,0.0,1.1
ART_AND_DESIGN,4.4,167,5.6,50000,0.0,1.0
ART_AND_DESIGN,3.8,178,19.0,50000,0.0,1.1
ART_AND_DESIGN,4.1,36815,29.0,1000000,0.0,6.1
ART_AND_DESIGN,4.4,13791,33.0,1000000,0.0,2.9
ART_AND_DESIGN,4.7,121,3.1,10000,0.0,2.8
ART_AND_DESIGN,4.4,13880,28.0,1000000,0.0,1.0
ART_AND_DESIGN,4.4,8788,12.0,1000000,0.0,1.0
ART_AND_DESIGN,4.2,44829,20.0,10000000,0.0,3.8
ART_AND_DESIGN,4.6,4326,21.0,100000,0.0,1.0
ART_AND_DESIGN,4.4,1518,37.0,100000,0.0,1.2
ART_AND_DESIGN,4.7,3632,5.5,500000,0.0,3.1
ART_AND_DESIGN,4.5,27,17.0,10000,0.0,1.0
ART_AND_DESIGN,4.3,194216,39.0,5000000,0.0,2.2
ART_AND_DESIGN,4.6,224399,31.0,10000000,0.0,5.5
ART_AND_DESIGN,4.0,450,14.0,100000,0.0,4.0
ART_AND_DESIGN,4.1,654,12.0,100000,0.0,1.1
ART_AND_DESIGN,4.7,7699,4.2,500000,0.0,2.2
ART_AND_DESIGN,,61,7.0,100000,0.0,1.0
ART_AND_DESIGN,4.7,118,23.0,50000,0.0,1.1
ART_AND_DESIGN,4.8,192,6.0,10000,0.0,1.5
ART_AND_DESIGN,4.7,20260,25.0,500000,0.0,1.0
ART_AND_DESIGN,4.1,203,6.1,100000,0.0,1.03
ART_AND_DESIGN,3.9,136,4.6,10000,0.0,6.0
ART_AND_DESIGN,4.1,223,4.2,100000,0.0,1.0
ART_AND_DESIGN,4.2,1120,9.2,100000,0.0,6.7
ART_AND_DESIGN,4.1,227,5.2,50000,0.0,1.2
ART_AND_DESIGN,4.5,5035,11.0,100000,0.0,2.20
ART_AND_DESIGN,4.2,1015,11.0,100000,0.0,1.1
ART_AND_DESIGN,4.7,353,4.2,10000,0.0,1.6
ART_AND_DESIGN,3.8,564,9.2,100000,0.0,2.1
ART_AND_DESIGN,4.7,8145,24.0,500000,0.0,1.0
ART_AND_DESIGN,4.7,158,11.0,10000,0.0,1.3
ART_AND_DESIGN,4.0,591,9.4,500000,0.0,1
ART_AND_DESIGN,4.2,117,15.0,10000,0.0,2.0
ART_AND_DESIGN,4.5,176,10.0,100000,0.0,1.0
ART_AND_DESIGN,3.8,2206,1.2,100000,0.0,1.46
ART_AND_DESIGN,4.2,26,12.0,10000,0.0,1.0
ART_AND_DESIGN,4.7,174531,24.0,10000000,0.0,1.6
ART_AND_DESIGN,4.6,1070,26.0,100000,0.0,1.6
ART_AND_DESIGN,4.2,85,8.0,100000,0.0,2.0
ART_AND_DESIGN,4.3,845,7.9,100000,0.0,1.0
AUTO_AND_VEHICLES,4.2,367,25.0,100000,0.0,1.0
AUTO_AND_VEHICLES,4.0,1598,56.0,1000000,0.0,11.0
AUTO_AND_VEHICLES,3.8,284,57.0,100000,0.0,3.0
AUTO_AND_VEHICLES,3.9,129,35.0,100000,0.0,3.0
AUTO_AND_VEHICLES,4.3,542,33.0,100000,0.0,4.0
AUTO_AND_VEHICLES,4.9,10479,33.0,100000,0.0,1.7
AUTO_AND_VEHICLES,4.4,805,5.6,50000,0.0,2.5
AUTO_AND_VEHICLES,4.2,129,54.0,100000,0.0,3.0
AUTO_AND_VEHICLES,4.0,1403,0.201,100000,0.0,1.0
AUTO_AND_VEHICLES,3.9,3971,3.6,100000,0.0,2.493
AUTO_AND_VEHICLES,4.6,534,5.7,10000,0.0,1.9
AUTO_AND_VEHICLES,4.9,7774,17.0,100000,0.0,1.7
AUTO_AND_VEHICLES,4.3,38846,8.6,1000000,0.0,2.20
AUTO_AND_VEHICLES,4.6,2431,2.4,100000,0.0,1.37
AUTO_AND_VEHICLES,4.9,6090,27.0,100000,0.0,1.7
AUTO_AND_VEHICLES,3.9,295,2.7,10000,0.0,0.2
AUTO_AND_VEHICLES,4.0,190,2.5,50000,0.0,1.0
AUTO_AND_VEHICLES,4.2,52530,7.0,5000000,0.0,4.47
AUTO_AND_VEHICLES,4.8,116986,35.0,5000000,0.0,1.9
AUTO_AND_VEHICLES,3.6,1379,16.0,500000,0.0,2.2
AUTO_AND_VEHICLES,4.8,7021,17.0,500000,0.0,1.79
AUTO_AND_VEHICLES,4.6,197,3.4,50000,0.0,1.3
AUTO_AND_VEHICLES,4.5,737,8.9,100000,0.0,2.3
AUTO_AND_VEHICLES,4.3,3574,3.9,1000000,0.0,1.6
AUTO_AND_VEHICLES,4.5,994,2.9,100000,0.0,1.6
AUTO_AND_VEHICLES,4.9,197136,38.0,1000000,0.0,8.31
AUTO_AND_VEHICLES,3.9,142,32.0,50000,0.0,1.1
AUTO_AND_VEHICLES,4.4,15168,37.0,1000000,0.0,10.0
AUTO_AND_VEHICLES,4.0,2155,15.0,500000,0.0,1.10
AUTO_AND_VEHICLES,4.3,138,5.4,100000,0.0,1.0
AUTO_AND_VEHICLES,3.7,5414,18.0,1000000,0.0,3.20
AUTO_AND_VEHICLES,4.3,348,38.0,100000,0.0,1.0
AUTO_AND_VEHICLES,3.2,250,1.1,100000,0.0,1.4
AUTO_AND_VEHICLES,4.5,3617,7.9,100000,0.0,2.8
AUTO_AND_VEHICLES,3.7,4806,35.0,1000000,0.0,4.0
AUTO_AND_VEHICLES,4.6,31433,17.0,1000000,0.0,1.40
AUTO_AND_VEHICLES,4.6,5097,19.0,1000000,0.0,1.5
AUTO_AND_VEHICLES,4.0,1754,14.0,500000,0.0,2.3
AUTO_AND_VEHICLES,4.4,2680,2.2,500000,0.0,1.03
AUTO_AND_VEHICLES,4.0,1288,4.5,100000,0.0,2.17
BEAUTY,4.7,18900,17.0,500000,0.0,6.10
BEAUTY,4.9,49790,14.0,1000000,0.0,2.3
BEAUTY,4.7,1150,9.8,100000,0.0,4.0
BEAUTY,3.9,1739,21.0,500000,0.0,1.0
BEAUTY,4.2,2225,52.0,500000,0.0,1.6
BEAUTY,4.6,4369,14.0,100000,0.0,1.9
BEAUTY,4.3,8572,25.0,1000000,0.0,1.1
BEAUTY,4.7,964,9.0,50000,0.0,4.0
BEAUTY,4.8,104,12.0,10000,0.0,1.3
BEAUTY,4.3,601,35.0,100000,0.0,2.0
BEAUTY,4.5,36,6.7,10000,0.0,6.0
BEAUTY,4.1,187,30.0,50000,0.0,3.0
BEAUTY,,182,5.7,100000,0.0,8.0
BEAUTY,4.2,30,2.9,10000,0.0,3.3
BEAUTY,4.5,134,17.0,10000,0.0,1.20
BEAUTY,4.4,74,2.9,10000,0.0,2.3
BEAUTY,4.1,9315,2.6,1000000,0.0,1.4
BEAUTY,4.4,75,4.2,50000,0.0,1.0
BEAUTY,4.6,38,7.1,10000,0.0,1.0
BEAUTY,4.5,26834,57.0,1000000,0.0,18.5
BEAUTY,,119,3.7,50000,0.0,1.3
BEAUTY,3.9,2277,22.0,500000,0.0,1.1
BEAUTY,4.4,2280,24.0,500000,0.0,1.1
BEAUTY,,654,7.4,100000,0.0,1.15
BEAUTY,4.6,184,21.0,10000,0.0,1.5
BEAUTY,3.8,9,3.4,5000,0.0,1.0
BEAUTY,,77,2.9,10000,0.0,2.0
BEAUTY,,35,3.1,10000,0.0,2.0
BEAUTY,4.0,364,6.4,100000,0.0,1.1
BEAUTY,4.3,18,3.2,5000,0.0,1.2
BEAUTY,4.5,473,8.2,100000,0.0,1.0
BEAUTY,,30,9.9,10000,0.0,3.0
BEAUTY,4.1,66,2.9,10000,0.0,3.1
BEAUTY,3.7,3871,23.0,1000000,0.0,2.2
BEAUTY,4.7,257,4.6,50000,0.0,1.0
BEAUTY,4.2,62,3.1,10000,0.0,1.9
BOOKS_AND_REFERENCE,4.5,1857,4.9,50000,0.0,1.3
BOOKS_AND_REFERENCE,4.6,4478,9.5,100000,0.0,1.1
BOOKS_AND_REFERENCE,4.5,418,4.2,100000,0.0,2.1
BOOKS_AND_REFERENCE,4.4,22486,5.4,1000000,0.0,3.2
BOOKS_AND_REFERENCE,4.6,1435,2.8,500000,0.0,1.0
BOOKS_AND_REFERENCE,4.8,116507,5.0,1000000,0.0,2.0
BOOKS_AND_REFERENCE,4.6,90468,5.9,5000000,0.0,1.911805270
BOOKS_AND_REFERENCE,4.2,860,13.0,100000,0.0,1.0
BOOKS_AND_REFERENCE,4.1,363934,7.1,10000000,0.0,9.1
BOOKS_AND_REFERENCE,4.7,967,6.7,500000,0.0,1.1
BOOKS_AND_REFERENCE,4.3,17506,17.0,1000000,0.0,2.3
BOOKS_AND_REFERENCE,3.3,1862,19.0,1000000,0.0,2.2
BOOKS_AND_REFERENCE,4.6,2084,6.7,500000,0.0,15.0
BOOKS_AND_REFERENCE,4.8,47303,21.0,1000000,0.0,18.05
BOOKS_AND_REFERENCE,,161,2.7,10000,0.0,1.0
BOOKS_AND_REFERENCE,4.1,85842,37.0,5000000,0.0,5.0
BOOKS_AND_REFERENCE,4.6,7831,15.0,100000,0.0,1.2
BOOKS_AND_REFERENCE,4.1,91615,23.0,5000000,0.0,3.12
BOOKS_AND_REFERENCE,4.6,4620,19.0,500000,0.0,2.0
BOOKS_AND_REFERENCE,4.7,21336,23.0,1000000,0.0,1.28
BOOKS_AND_REFERENCE,4.5,26875,73.0,500000,0.0,6.0
BOOKS_AND_REFERENCE,3.9,1778,4.9,500000,0.0,1.0
BOOKS_AND_REFERENCE,4.4,2709,6.8,1000000,0.0,1.9
BOOKS_AND_REFERENCE,4.5,527,2.9,100000,0.0,14.0
BOOKS_AND_REFERENCE,4.4,1322,3.5,100000,0.0,6.0
BOOKS_AND_REFERENCE,3.4,1680,4.0,100000,0.0,3.05
BOOKS_AND_REFERENCE,4.9,2739,21.0,50000,0.0,2.0
BOOKS_AND_REFERENCE,4.6,1065,2.3,500000,0.0,1.5
BOOKS_AND_REFERENCE,,2,7.2,50000,0.0,3.0
BOOKS_AND_REFERENCE,4.4,8788,10.0,1000000,0.0,2.5
BOOKS_AND_REFERENCE,4.4,51269,6.1,1000000,0.0,7.0
BOOKS_AND_REFERENCE,4.4,30105,2.1,1000000,0.0,1.15
BOOKS_AND_REFERENCE,3.5,156,42.0,500000,0.0,3.1
BOOKS_AND_REFERENCE,,114,7.3,100000,0.0,1.1
BOOKS_AND_REFERENCE,4.4,341157,30.0,10000000,0.0,3.9
BUSINESS,4.3,85185,29.0,5000000,0.0,3.4
BUSINESS,4.3,1002861,35.0,100000000,0.0,9.7
BUSINESS,3.9,16589,9.1,1000000,0.0,4.9
BUSINESS,4.8,148945,25.0,1000000,0.0,5.2
BUSINESS,4.5,4458,3.9,500000,0.0,3.3
BUSINESS,4.4,62272,18.0,10000000,0.0,3.550
BUSINESS,4.0,8941,12.0,5000000,0.0,4.6
BUSINESS,4.3,46353,21.0,1000000,0.0,2.8
BUSINESS,4.2,30847,55.0,5000000,0.0,7.3
BUSINESS,4.6,188841,3.2,5000000,0.0,1.1
BUSINESS,3.1,4034,0.023,100000,0.0,3.0
BUSINESS,3.9,45964,16.0,1000000,0.0,5.1
BUSINESS,4.1,6903,14.0,1000000,0.0,2.3
BUSINESS,4.4,31614,37.0,10000000,0.0,4.1
BUSINESS,4.5,207372,11.0,5000000,0.0,12.2
BUSINESS,4.4,1225,25.0,100000,0.0,1.0
BUSINESS,4.4,380837,7.3,10000000,0.0,3.4
BUSINESS,4.3,10600,6.5,1000000,0.0,2.5
BUSINESS,4.4,74359,25.0,1000000,0.0,1.12
BUSINESS,4.6,822,3.1,100000,0.0,1.5
BUSINESS,4.4,2287,1.5,1000000,0.0,4.9
BUSINESS,4.7,4162,7.5,100000,0.0,0.9
BUSINESS,3.8,14760,8.6,50000000,0.0,1.1
BUSINESS,,9,1.2,100000,0.0,1.0
BUSINESS,4.7,286897,39.0,10000000,0.0,1.2
BUSINESS,4.5,103755,14.0,10000000,0.0,3.9
BUSINESS,4.2,46505,19.0,1000000,0.0,3.4
BUSINESS,4.7,11442,6.8,100000,4.99,1.5
BUSINESS,4.8,10295,39.0,100000,4.99,3.4
BUSINESS,4.2,296,14.0,50000,0.0,3.2
BUSINESS,4.3,29313,20.0,5000000,0.0,1.12
BUSINESS,4.1,1802,26.0,100000,0.0,1.7
BUSINESS,3.8,1383,51.0,100000,0.0,3.24
BUSINESS,4.3,23175,41.0,1000000,0.0,18.7
BUSINESS,3.8,5868,20.0,500000,0.0,3.19
BUSINESS,4.1,5448,12.0,500000,0.0,4.9
BUSINESS,4.6,4159,48.0,500000,0.0,6.1
BUSINESS,4.3,20815,10.0,1000000,0.0,6.4
BUSINESS,4.5,78662,22.0,1000000,0.0,3.7
BUSINESS,4.1,7149,11.0,1000000,0.0,2.6
BUSINESS,4.5,3079,8.5,100000,0.0,5.20
BUSINESS,4.6,5800,8.6,100000,0.0,5.20
BUSINESS,4.2,16422,28.0,1000000,0.0,10.46
BUSINESS,4.4,108741,28.0,10000000,0.0,11.1
BUSINESS,4.4,31614,37.0,10000000,0.0,4.1
BUSINESS,4.0,624,9.0,100000,0.0,1.2
BUSINESS,4.2,1661,46.0,100000,0.0,3.0
BUSINESS,4.1,308,14.0,50000,0.0,3.1
BUSINESS,3.8,5211,26.0,1000000,0.0,3.3
BUSINESS,3.9,1058,23.0,500000,0.0,2.22
BUSINESS,4.2,296,14.0,50000,0.0,3.2
BUSINESS,4.3,29313,20.0,5000000,0.0,1.12
BUSINESS,4.1,1802,26.0,100000,0.0,1.7
BUSINESS,3.8,1383,51.0,100000,0.0,3.24
BUSINESS,4.3,23175,41.0,1000000,0.0,18.7
BUSINESS,3.8,5868,20.0,500000,0.0,3.19
BUSINESS,4.1,5448,12.0,500000,0.0,4.9
BUSINESS,4.6,4159,48.0,500000,0.0,6.1
BUSINESS,4.3,20815,10.0,1000000,0.0,6.4
BUSINESS,4.5,78662,22.0,1000000,0.0,3.7
BUSINESS,4.1,7149,11.0,1000000,0.0,2.6
BUSINESS,4.5,3079,8.5,100000,0.0,5.20
BUSINESS,4.6,5800,8.6,100000,0.0,5.20
BUSINESS,4.2,16422,28.0,1000000,0.0,10.46
BUSINESS,4.7,286897,39.0,10000000,0.0,1.2
BUSINESS,4.5,103755,14.0,10000000,0.0,3.9
BUSINESS,4.2,46505,19.0,1000000,0.0,3.4
BUSINESS,4.7,11442,6.8,100000,4.99,1.5
BUSINESS,4.8,10295,39.0,100000,4.99,3.4
BUSINESS,4.3,1002859,35.0,100000000,0.0,9.7
BUSINESS,4.5,413,29.0,10000,0.0,2.0
BUSINESS,4.3,23175,41.0,1000000,0.0,18.7
COMICS,4.6,24005,4.9,500000,0.0,1.1
COMICS,4.7,57106,27.0,1000000,0.0,2.11
COMICS,4.7,2249,32.0,500000,0.0,1.08
COMICS,4.8,516,12.0,50000,0.0,1.0
COMICS,3.9,834,15.0,50000,0.0,1.0
COMICS,4.1,1010,11.0,50000,0.0,1.5
COMICS,4.4,238970,28.0,1000000,0.0,3.4
COMICS,4.6,302,2.2,10000,0.0,1.0
COMICS,4.5,438,3.4,10000,0.0,1.0
COMICS,4.7,73,8.3,10000,0.0,1.9
COMICS,4.4,39,4.3,10000,0.0,1.1
COMICS,4.5,144,4.7,10000,0.0,3.0
COMICS,3.9,2181,10.0,100000,0.0,1.2
COMICS,3.2,93965,15.0,5000000,0.0,6.3
COMICS,3.2,1446,7.1,100000,0.0,1.0
COMICS,4.1,12088,21.0,1000000,0.0,2.3
COMICS,4.5,314,6.1,100000,0.0,3.1
COMICS,4.2,15194,15.0,1000000,0.0,4.7
COMICS,3.7,22551,11.0,1000000,0.0,3.16
COMICS,4.5,29839,29.0,1000000,0.0,4.1
COMICS,4.6,279,3.3,100000,0.0,1.6
COMICS,,1330,22.0,50000,0.0,6.1
COMICS,4.7,1677,40.0,100000,0.0,1.7
COMICS,4.4,757,10.0,10000,0.0,1.0
COMICS,3.5,115,9.1,10000,0.0,5.0
COMICS,3.3,125,4.7,5000,0.0,1.0
COMICS,4.5,9952,38.0,500000,0.0,4.3
COMICS,4.2,21,6.7,5000,0.0,1.3
COMICS,5.0,15,37.0,1000,0.0,2.0
COMICS,4.7,3596,7.8,10000,0.0,1.01
COMICS,4.4,1006,19.0,50000,0.0,2.3
COMICS,4.4,5968,5.7,1000000,0.0,1.4
COMICS,4.6,4895,35.0,100000,0.0,2.4
COMMUNICATION,4.3,125257,17.0,10000000,0.0,1.8
COMMUNICATION,4.3,158679,8.8,5000000,0.0,2.4
COMMUNICATION,4.3,4187998,16.0,100000000,0.0,5.29
COMMUNICATION,4.3,659395,11.0,100000000,0.0,9.8
COMMUNICATION,4.3,4785892,11.0,500000000,0.0,9.8
COMMUNICATION,4.3,30209,15.0,5000000,0.0,1.3
COMMUNICATION,4.0,36901,6.6,5000000,0.0,11.8
COMMUNICATION,4.3,192948,6.6,10000000,0.0,24.6
COMMUNICATION,3.9,13698,5.1,10000000,0.0,3.2
COMMUNICATION,3.6,20769,18.0,1000000,0.0,6.0
COMMUNICATION,4.4,36880,4.0,1000000,0.0,5.2
COMMUNICATION,4.4,615381,37.0,10000000,0.0,6.7
COMMUNICATION,4.2,33053,22.0,5000000,0.0,1.60
COMMUNICATION,4.4,3648120,3.3,100000000,0.0,11.4
COMMUNICATION,4.4,136662,32.0,10000000,0.0,2.18
COMMUNICATION,3.9,42370,37.0,1000000,0.0,7.5
COMMUNICATION,4.4,2939,17.0,100000,0.0,2.1
COMMUNICATION,3.9,40751,35.0,10000000,0.0,2.2
COMMUNICATION,4.5,17712922,40.0,500000000,0.0,12.8
COMMUNICATION,3.7,25021,61.0,5000000,0.0,9.9
COMMUNICATION,4.3,27187,66.0,5000000,0.0,42.0
COMMUNICATION,4.3,4785988,11.0,500000000,0.0,9.8
COMMUNICATION,4.0,122498,0.079,10000000,0.0,0.1
COMMUNICATION,4.1,132014,25.0,10000000,0.0,6.1
COMMUNICATION,4.2,83239,14.0,5000000,0.0,3.0
COMMUNICATION,4.4,2876500,24.0,100000000,0.0,7.73
COMMUNICATION,4.1,28238,17.0,1000000,0.0,4.98
COMMUNICATION,4.3,335646,8.3,10000000,0.0,7.21
COMMUNICATION,4.5,349384,8.2,10000000,0.0,3.47
COMMUNICATION,4.3,37320,8.4,1000000,0.0,6.5
COMMUNICATION,4.4,36893,4.0,1000000,0.0,5.2
COMMUNICATION,4.2,15880,32.0,1000000,0.0,5.65
COMMUNICATION,4.6,2264916,6.1,50000000,0.0,5.22
COMMUNICATION,4.2,42925,2.8,1000000,0.0,6.1
COMMUNICATION,4.4,3648480,3.3,100000000,0.0,11.4
COMMUNICATION,4.5,17714850,40.0,500000000,0.0,12.8
COMMUNICATION,4.1,13100,2.2,1000000,0.0,1.4
COMMUNICATION,4.1,55098,4.3,1000000,0.0,2.2
COMMUNICATION,4.3,1133501,4.7,10000000,0.0,6.4
COMMUNICATION,4.1,12578,2.3,500000,0.0,4.5
COMMUNICATION,4.2,10965,2.3,500000,0.0,2.0
COMMUNICATION,4.2,190613,11.0,10000000,0.0,5.85
COMMUNICATION,4.2,125232,2.7,10000000,0.0,196
COMMUNICATION,4.2,83239,14.0,5000000,0.0,3.0
COMMUNICATION,4.3,72065,13.0,1000000,0.0,3.0
COMMUNICATION,4.4,27540,3.7,1000000,0.0,1.26
COMMUNICATION,4.2,104990,10.0,5000000,0.0,3.5
COMMUNICATION,4.4,177703,13.0,10000000,0.0,8.1
COMMUNICATION,4.1,17529,10.0,1000000,0.0,5.86
COMMUNICATION,4.2,177263,13.0,10000000,0.0,5.1
COMMUNICATION,4.8,237468,8.8,1000000,0.0,2018.1
COMMUNICATION,4.4,32254,5.5,1000000,0.0,3.9
COMMUNICATION,4.4,483565,20.0,10000000,0.0,1.286
COMMUNICATION,4.4,552441,29.0,10000000,0.0,6.19
COMMUNICATION,4.4,93825,11.0,5000000,0.0,2.17
COMMUNICATION,4.2,15287,17.0,1000000,0.0,2.2
COMMUNICATION,4.5,205739,17.0,5000000,0.0,4.5
COMMUNICATION,4.0,9498,0.118,1000000,0.0,5.28
COMMUNICATION,4.3,4188142,16.0,100000000,0.0,5.29
COMMUNICATION,4.2,88427,5.1,5000000,0.0,5.403
COMMUNICATION,4.6,183374,44.0,1000000,0.0,1.9
COMMUNICATION,4.1,20901,7.3,1000000,0.0,5.0
COMMUNICATION,4.0,122595,30.0,1000000,0.0,9.8
COMMUNICATION,4.2,124346,0.695,10000000,0.0,2.8
COMMUNICATION,4.1,255,1.6,10000,0.0,2.3
COMMUNICATION,4.3,41420,19.0,5000000,0.0,3.2
COMMUNICATION,4.3,4785988,11.0,500000000,0.0,9.8
COMMUNICATION,4.1,29208,23.0,1000000,0.0,2.9
COMMUNICATION,4.6,191032,26.0,5000000,0.0,7.2
DATING,2.6,57,6.2,1000,6.99,1.1
DATING,,0,20.0,50,1.49,1.0
DATING,,0,0.018,100,2.99,1.0
DATING,,4,1.2,100,3.99,1.2
DATING,3.5,2,17.0,100,7.99,1.0
DATING,4.1,285726,15.0,10000000,0.0,11.10
DATING,4.1,2556,56.0,100000,0.0,2.5
DATING,4.2,7779,12.0,500000,0.0,6.1
DATING,4.5,61637,11.0,5000000,0.0,4.17
DATING,4.4,12632,29.0,1000000,0.0,3.5
DATING,4.0,48845,40.0,1000000,0.0,4.19
DATING,3.1,31320,53.0,5000000,0.0,6.6
DATING,4.4,172460,3.1,5000000,0.0,1.639
DATING,4.2,4195,24.0,100000,0.0,1.6
DATING,4.1,11633,23.0,500000,0.0,2.5
DATING,3.9,10212,5.0,1000000,0.0,1.9
DATING,4.3,37053,44.0,1000000,0.0,4.4
DATING,4.4,667,27.0,10000,0.0,1.308
DATING,3.5,13202,6.1,1000000,0.0,2.4
DATING,3.3,1157,21.0,100000,0.0,5.0
DATING,4.5,212626,11.0,10000000,0.0,4.17
DATING,4.4,222888,21.0,1000000,0.0,2.45
DATING,4.1,2067,24.0,100000,0.0,1.6
DATING,3.9,1643,31.0,500000,0.0,4.5
DATING,3.9,105,27.0,5000,0.0,1.0
DATING,3.6,3414,6.2,500000,0.0,1.2
DATING,3.6,11806,12.0,1000000,0.0,4.0
DATING,3.4,1999,8.0,100000,0.0,1.6
DATING,4.2,22544,5.9,1000000,0.0,1.31
DATING,4.1,97684,7.9,1000000,0.0,1.230
DATING,3.4,2519,5.0,100000,0.0,1.9
DATING,3.0,1146,1.4,100000,0.0,2.2
DATING,4.6,13046,13.0,500000,0.0,4.17
DATING,4.1,17268,40.0,500000,0.0,4.1
DATING,3.9,8722,13.0,500000,0.0,15.8
DATING,1.9,953,19.0,100000,0.0,6.3
DATING,3.5,2593,5.0,500000,0.0,1.9
DATING,2.5,5377,19.0,500000,0.0,4.8
DATING,3.9,852,27.0,100000,0.0,6.4
DATING,3.4,212,3.0,50000,0.0,2.3
DATING,3.5,1972,13.0,1000000,0.0,4.3
DATING,4.4,35206,7.2,1000000,0.0,2.9
DATING,3.8,5164,25.0,100000,0.0,3.8
DATING,2.5,277,5.7,100000,0.0,3.0
DATING,2.8,80,5.5,10000,0.0,1.0
DATING,4.2,40035,6.5,1000000,0.0,1.31
DATING,3.5,1093,5.8,100000,0.0,1.6
DATING,3.3,1601,3.8,500000,0.0,1.5
DATING,4.1,2212,41.0,100000,0.0,2.0
DATING,4.2,57081,7.9,1000000,0.0,1.31
DATING,3.5,241,2.8,50000,0.0,2.2
DATING,4.2,63986,20.0,5000000,0.0,3.0
DATING,4.4,7888,15.0,500000,0.0,2.4
DATING,4.1,535,28.0,100000,0.0,2.0
DATING,4.2,5084,9.6,100000,0.0,1.55
DATING,4.3,2430,13.0,500000,0.0,12.0
DATING,4.1,285726,15.0,10000000,0.0,11.10
DATING,4.0,48845,40.0,1000000,0.0,4.19
DATING,4.1,2556,56.0,100000,0.0,2.5
DATING,4.2,7779,12.0,500000,0.0,6.1
DATING,3.0,837,9.4,100000,0.0,1.15
DATING,4.4,12632,29.0,1000000,0.0,3.5
DATING,4.5,61637,11.0,5000000,0.0,4.17
DATING,2.5,5377,19.0,500000,0.0,4.8
DATING,4.1,11633,23.0,500000,0.0,2.5
DATING,4.0,738,27.0,10000,0.0,6.4
DATING,1.9,953,19.0,100000,0.0,6.3
DATING,3.3,4631,45.0,100000,0.0,5.2
DATING,4.4,222888,21.0,1000000,0.0,2.45
DATING,4.1,17268,40.0,500000,0.0,4.1
DATING,3.8,5164,25.0,100000,0.0,3.8
DATING,4.1,4953,15.0,1000000,0.0,8.7
DATING,4.2,4195,24.0,100000,0.0,1.6
DATING,4.5,212626,11.0,10000000,0.0,4.17
DATING,3.7,1439,38.0,50000,0.0,1.1
DATING,3.9,1645,31.0,500000,0.0,4.5
DATING,3.5,13204,6.1,1000000,0.0,2.4
DATING,3.9,853,27.0,100000,0.0,6.4
DATING,4.0,337,32.0,10000,0.0,2.8
DATING,4.6,13049,13.0,500000,0.0,4.17
DATING,4.0,51698,63.0,1000000,0.0,3.0
DATING,4.1,923,44.0,100000,0.0,3.4
DATING,3.3,149,16.0,10000,0.0,4.8
DATING,4.4,198,28.0,10000,0.0,5.5
DATING,4.2,22545,5.9,1000000,0.0,1.31
DATING,3.9,8723,13.0,500000,0.0,15.8
DATING,4.3,23170,9.0,500000,0.0,1.5
DATING,3.4,13890,20.0,500000,0.0,4.9
DATING,4.2,57083,7.9,1000000,0.0,1.31
DATING,4.1,537,28.0,100000,0.0,2.0
DATING,4.0,13440,49.0,500000,0.0,3.10
DATING,3.6,143,27.0,10000,0.0,2.2
DATING,4.2,1059,18.0,100000,0.0,1.17
DATING,3.5,894,14.0,100000,0.0,3.1
DATING,4.0,6191,27.0,500000,0.0,0.0
DATING,4.1,2212,41.0,100000,0.0,2.0
DATING,4.1,15081,38.0,1000000,0.0,4.7
DATING,2.8,80,5.5,10000,0.0,1.0
DATING,4.4,218,27.0,10000,0.0,5.2
DATING,4.4,35205,7.2,1000000,0.0,2.9
DATING,4.2,243950,21.0,10000000,0.0,4.3
DATING,4.1,236,8.8,10000,0.0,3.9
DATING,4.2,5152,38.0,100000,0.0,3.6
DATING,4.1,6701,11.0,1000000,0.0,5.16
DATING,4.2,40039,6.5,1000000,0.0,1.31
DATING,3.9,742,26.0,50000,0.0,5.3
DATING,4.0,187,19.0,10000,0.0,1.17
DATING,4.2,2506,6.1,500000,0.0,3.0
DATING,4.5,182986,77.0,5000000,0.0,5.0
DATING,3.9,8661,9.5,1000000,0.0,0.1
DATING,3.6,8,14.0,1000,0.0,1.4
DATING,4.4,59,38.0,5000,0.0,1.0
DATING,3.5,35,16.0,1000,0.0,2.4
DATING,4.4,28,3.4,500,0.0,2.5
DATING,4.8,125,4.7,5000,0.0,8.2
DATING,4.6,185,5.0,10000,0.0,8.2
DATING,4.7,6,4.9,100,0.0,1.0
DATING,4.8,110,4.9,10000,0.0,8.2
DATING,,3,16.0,1000,0.0,4.20
DATING,2.7,3,3.9,100,0.0,1.0
DATING,5.0,5,4.4,1000,0.0,3.0
DATING,,3,4.8,1000,0.0,1
DATING,4.8,84,4.5,1000,0.0,8.2
DATING,5.0,2,70.0,100,0.0,2.2
DATING,4.8,20,4.9,500,0.0,8.2
DATING,,2,3.7,500,0.0,1
DATING,4.9,776,4.9,5000,0.0,8.2
DATING,3.0,2,16.0,100,0.0,2.5
DATING,,1,4.6,100,0.0,1.0
DATING,,0,3.6,50,0.0,1.0
DATING,4.7,14,21.0,5000,0.0,1.3
DATING,,0,13.0,50,0.0,1.0
DATING,,1,8.7,500,0.0,3.52
DATING,1.0,1,9.2,10,0.0,3.52
DATING,,3,6.9,500,0.0,1.0
DATING,,0,39.0,500,0.0,5.5
DATING,,0,8.0,100,0.0,1.0
DATING,,24,3.9,1000,0.0,1.0
DATING,,0,14.0,10,0.0,1.0
DATING,,23,11.0,100,0.0,1.0
DATING,,0,13.0,10,0.0,1.0
DATING,5.0,5,9.3,500,0.0,4.0
DATING,4.7,18,5.0,500,0.0,8.2
DATING,,0,10.0,10,0.0,1.3
DATING,5.0,6,5.0,100,0.0,8.2
DATING,,1,5.0,100,0.0,1.0
DATING,,2,3.6,10,0.0,1.0
DATING,,0,19.0,10,0.0,1.0
DATING,5.0,5,5.0,100,0.0,8.2
DATING,,0,9.8,50,0.0,1.2
DATING,,0,14.0,100,0.0,1.0
DATING,,0,5.0,100,0.0,1.0
DATING,,0,4.9,10,0.0,1.0
DATING,3.0,1,5.5,500,0.0,1.0
DATING,4.1,11,11.0,1000,0.0,1.1
DATING,,4,3.8,500,0.0,1.0
DATING,,14,5.0,50,0.0,8.2
DATING,,0,8.2,1,0.0,2.0
DATING,,1,21.0,10,0.0,1.0
DATING,,104,12.0,1000,0.0,3.5
DATING,,0,10.0,1,0.0,1.1
DATING,,14,3.3,50,0.0,1.6
DATING,5.0,3,25.0,100,0.0,1.2
DATING,3.7,101,15.0,10000,0.0,2
DATING,4.5,120,10.0,500,0.0,1.5
DATING,4.2,24,4.9,1000,0.0,1.0
DATING,,0,4.4,10,0.0,4.5
DATING,,0,3.5,5,0.0,6.1
DATING,,0,7.8,10,0.0,3.0
DATING,4.3,6,9.0,100,0.0,3.7
DATING,4.1,4954,15.0,1000000,0.0,8.7
DATING,1.9,954,19.0,100000,0.0,6.3
DATING,4.1,2560,56.0,100000,0.0,2.5
DATING,4.4,59,38.0,5000,0.0,1.0
DATING,,3,16.0,1000,0.0,4.20
DATING,3.9,10212,5.0,1000000,0.0,1.9
DATING,3.9,105,27.0,5000,0.0,1.0
DATING,,21,4.7,1000,0.0,1.0
DATING,4.4,28,3.4,500,0.0,2.5
DATING,4.7,6,4.9,100,0.0,1.0
DATING,3.8,5168,25.0,100000,0.0,3.8
DATING,4.4,12633,29.0,1000000,0.0,3.5
DATING,4.4,41605,8.1,500000,0.0,4.813
DATING,3.6,8,14.0,1000,0.0,1.4
DATING,4.4,218,27.0,10000,0.0,5.2
DATING,2.7,3,3.9,100,0.0,1.0
DATING,4.3,2433,13.0,500000,0.0,12.0
DATING,4.6,185,5.0,10000,0.0,8.2
DATING,2.8,80,5.5,10000,0.0,1.0
DATING,3.5,35,16.0,1000,0.0,2.4
DATING,,3,4.8,1000,0.0,1
DATING,3.4,5,14.0,500,0.0,1.2
DATING,4.8,125,4.7,5000,0.0,8.2
DATING,4.7,791,3.7,10000,0.0,8.2
DATING,4.8,110,4.9,10000,0.0,8.2
DATING,4.8,5323,3.5,50000,0.0,8.2
DATING,4.7,478,4.5,10000,0.0,8.2
DATING,3.5,69,36.0,5000,0.0,1.0
DATING,4.7,158,4.5,10000,0.0,8.2
DATING,3.8,24,19.0,1000,0.0,1.0
DATING,2.9,53,14.0,10000,0.0,4.1
DATING,4.5,182986,77.0,5000000,0.0,5.0
DATING,3.3,1157,21.0,100000,0.0,5.0
DATING,4.1,97699,7.9,1000000,0.0,1.230
DATING,,8,9.3,5000,0.0,3.7
EDUCATION,4.6,181893,18.0,10000000,0.0,3.2
EDUCATION,4.7,2544,18.0,100000,0.0,3.1
EDUCATION,4.6,85375,21.0,5000000,0.0,5.0
EDUCATION,4.7,314299,3.3,10000000,0.0,1.94
EDUCATION,,776,24.0,100000,0.0,1.5
EDUCATION,4.5,9770,39.0,5000000,0.0,1.2
EDUCATION,4.7,32346,3.2,1000000,0.0,1.3
EDUCATION,4.8,4075,5.1,500000,0.0,2.1
EDUCATION,4.6,10611,11.0,500000,0.0,2.3
EDUCATION,4.6,9321,27.0,1000000,0.0,2.9
EDUCATION,4.6,56065,37.0,1000000,0.0,3.3
EDUCATION,4.9,133136,26.0,1000000,0.0,2.16
EDUCATION,4.4,390,41.0,500000,0.0,1.1
EDUCATION,4.4,1090,49.0,1000000,0.0,1.2
EDUCATION,4.3,266948,21.0,10000000,0.0,20.7
EDUCATION,4.5,342918,8.1,10000000,0.0,2.24
EDUCATION,4.4,748,51.0,1000000,0.0,1.0
EDUCATION,4.6,172640,14.0,5000000,0.0,2.6
EDUCATION,3.9,61,18.0,50000,0.0,1.4
EDUCATION,4.4,1619,3.0,1000000,0.0,1.2
EDUCATION,4.3,3168,19.0,1000000,0.0,3.1
EDUCATION,4.2,6736,22.0,1000000,0.0,2.51
EDUCATION,4.4,7005,6.9,1000000,0.0,1.17
EDUCATION,4.0,889,7.4,500000,0.0,2.2
EDUCATION,4.2,5741,84.0,1000000,0.0,3.7
EDUCATION,3.8,27572,25.0,5000000,0.0,3.0
EDUCATION,4.5,10852,18.0,1000000,0.0,10
EDUCATION,4.5,1929,2.5,500000,0.0,1.1
EDUCATION,4.3,1516,3.9,100000,0.0,3.1
EDUCATION,4.3,423,21.0,100000,0.0,6.0
EDUCATION,4.7,254519,27.0,5000000,0.0,2.8
EDUCATION,4.6,85375,21.0,5000000,0.0,5.0
EDUCATION,4.6,181893,18.0,10000000,0.0,3.2
EDUCATION,4.5,99020,18.0,1000000,0.0,5.0
EDUCATION,4.6,32381,10.0,1000000,0.0,2.15
EDUCATION,4.4,56897,97.0,1000000,0.0,1.10
EDUCATION,4.2,8599,17.0,1000000,0.0,4.9
EDUCATION,4.0,304,2.0,10000,0.0,1.3
EDUCATION,4.1,358,1.9,50000,0.0,1.1
EDUCATION,4.3,11904,1.8,1000000,0.0,2.0
EDUCATION,4.3,22251,1.8,1000000,0.0,3.0
EDUCATION,4.3,22384,17.0,1000000,0.0,4.7
EDUCATION,4.5,99020,18.0,1000000,0.0,5.0
EDUCATION,4.6,73404,5.3,1000000,0.0,4.5
EDUCATION,4.6,25183,5.4,1000000,0.0,5.7
EDUCATION,4.7,52743,5.4,1000000,0.0,3.5
EDUCATION,4.7,61749,5.4,1000000,0.0,5.5
EDUCATION,4.3,55704,15.0,1000000,0.0,4.2
EDUCATION,4.7,19277,5.3,1000000,0.0,3.4
EDUCATION,4.6,13612,48.0,100000,0.0,7.2
EDUCATION,4.6,37862,5.4,1000000,0.0,1.8
EDUCATION,4.6,18372,47.0,100000,0.0,7.2
EDUCATION,4.3,656,0.556,10000,0.0,1.1
EDUCATION,4.2,240,29.0,10000,0.0,1.2
EDUCATION,4.0,275,2.3,50000,0.0,2.9
EDUCATION,4.2,3692,4.4,100000,0.0,4.1
EDUCATION,4.1,2363,6.6,100000,0.0,2.48
EDUCATION,4.0,430,0.526,10000,0.0,1.2
EDUCATION,4.5,756,12.0,100000,0.0,3.2
EDUCATION,4.0,316,29.0,50000,0.0,1.4
EDUCATION,4.6,85375,21.0,5000000,0.0,5.0
EDUCATION,4.6,181893,18.0,10000000,0.0,3.2
EDUCATION,4.5,99020,18.0,1000000,0.0,5.0
EDUCATION,4.3,22384,17.0,1000000,0.0,4.7
EDUCATION,4.6,32380,10.0,1000000,0.0,2.15
EDUCATION,4.5,172505,76.0,5000000,0.0,5.2
EDUCATION,4.2,8599,17.0,1000000,0.0,4.9
EDUCATION,4.6,7973,18.0,1000000,0.0,0.29
EDUCATION,4.3,266935,21.0,10000000,0.0,20.7
EDUCATION,4.7,142632,6.9,5000000,0.0,2.8
EDUCATION,4.4,55256,14.0,5000000,0.0,10.9
EDUCATION,4.5,172508,76.0,5000000,0.0,5.2
EDUCATION,4.4,54798,11.0,1000000,0.0,20.7
EDUCATION,4.0,4815,19.0,500000,0.0,4.2
EDUCATION,4.6,75112,6.5,1000000,0.0,2.09
EDUCATION,4.4,33646,7.0,1000000,0.0,2.3
EDUCATION,4.7,314300,3.3,10000000,0.0,1.94
EDUCATION,4.3,206527,21.0,10000000,0.0,13.9
EDUCATION,4.2,3816,2.6,500000,0.0,3.6
EDUCATION,4.3,47847,21.0,1000000,0.0,6.1
EDUCATION,4.3,16195,5.2,1000000,0.0,8.5
EDUCATION,4.3,206,18.0,50000,0.0,1.12
EDUCATION,4.2,3241,16.0,100000,0.0,4.8
EDUCATION,4.0,835,15.0,100000,0.0,2.3
EDUCATION,4.0,2525,1.2,100000,0.0,15.9
EDUCATION,4.1,200058,18.0,10000000,0.0,9.12
EDUCATION,3.9,1239,1.8,100000,0.0,4.4
EDUCATION,4.1,702,7.6,10000,0.0,5.0
EDUCATION,4.4,148550,59.0,10000000,0.0,4.21
EDUCATION,4.0,3847,6.9,500000,0.0,3.1
EDUCATION,4.4,55256,14.0,5000000,0.0,10.9
EDUCATION,4.4,84309,41.0,5000000,0.0,2.6
EDUCATION,4.0,4815,19.0,500000,0.0,4.2
EDUCATION,4.5,172508,76.0,5000000,0.0,5.2
EDUCATION,4.3,266948,21.0,10000000,0.0,20.7
EDUCATION,4.5,14206,21.0,500000,0.0,1.16
EDUCATION,4.3,206532,21.0,10000000,0.0,13.9
EDUCATION,4.3,14700,21.0,1000000,0.0,5.7
EDUCATION,4.6,37862,5.4,1000000,0.0,1.8
EDUCATION,3.5,1405,7.3,100000,0.0,2.4
EDUCATION,4.4,148549,59.0,10000000,0.0,4.21
EDUCATION,4.4,84311,41.0,5000000,0.0,2.6
EDUCATION,4.3,206532,21.0,10000000,0.0,13.9
EDUCATION,4.5,172508,76.0,5000000,0.0,5.2
EDUCATION,4.8,256079,7.6,1000000,0.0,2.2
EDUCATION,4.1,16103,13.0,1000000,0.0,5.7
EDUCATION,4.9,11,63.0,1000,3.99,1.0
EDUCATION,4.7,21,44.0,1000,5.99,1.3
EDUCATION,4.7,31085,24.0,500000,3.99,1.5
EDUCATION,4.7,3528,24.0,100000,3.99,1.1
ENTERTAINMENT,4.0,11656,4.5,1000000,0.0,1.02
ENTERTAINMENT,4.3,296771,11.0,10000000,0.0,2.13
ENTERTAINMENT,3.5,10939,4.6,10000000,0.0,2.05
ENTERTAINMENT,4.6,22508,3.3,10000000,0.0,1.8
ENTERTAINMENT,4.2,10291,6.5,5000000,0.0,3.7
ENTERTAINMENT,3.8,6979,12.0,1000000,0.0,1.03
ENTERTAINMENT,4.3,103078,5.6,5000000,0.0,4.6
ENTERTAINMENT,4.4,17682,9.7,1000000,0.0,5.2
ENTERTAINMENT,4.4,37000,15.0,1000000,0.0,4.0
ENTERTAINMENT,3.7,1828284,52.0,100000000,0.0,2.8
ENTERTAINMENT,4.4,46916,4.5,1000000,0.0,7.3
ENTERTAINMENT,4.2,702975,49.0,50000000,0.0,2.6
ENTERTAINMENT,4.2,32458,18.0,5000000,0.0,2.2
ENTERTAINMENT,4.5,235496,13.0,10000000,0.0,1.2
ENTERTAINMENT,4.7,11661,4.0,1000000,0.0,1.1
ENTERTAINMENT,4.5,653008,16.0,10000000,0.0,9.1
ENTERTAINMENT,4.5,23063,17.0,1000000,0.0,1.0
ENTERTAINMENT,4.2,411683,24.0,50000000,0.0,3.0
ENTERTAINMENT,4.1,29690,78.0,1000000,0.0,2.3
ENTERTAINMENT,4.2,613059,25.0,50000000,0.0,18.07
ENTERTAINMENT,4.3,1633682,57.0,100000000,0.0,3.5
ENTERTAINMENT,3.9,2646,9.1,100000,0.0,2.2
ENTERTAINMENT,4.1,21867,39.0,1000000,0.0,2.19
ENTERTAINMENT,4.5,653008,16.0,10000000,0.0,9.1
ENTERTAINMENT,3.6,2639,8.5,100000,0.0,2.9
ENTERTAINMENT,4.3,1511,12.0,100000,0.0,2.1
ENTERTAINMENT,4.3,44550,72.0,1000000,0.0,6.18
ENTERTAINMENT,4.2,2442,9.6,100000,0.0,2.9
ENTERTAINMENT,4.2,155234,22.0,1000000,0.0,01.01
ENTERTAINMENT,4.5,12216,13.0,1000000,0.0,2.9
ENTERTAINMENT,3.8,92058,12.0,10000000,0.0,4.8
ENTERTAINMENT,3.0,493,23.0,50000,0.0,2.0
ENTERTAINMENT,4.1,33387,20.0,1000000,0.0,3.1
ENTERTAINMENT,4.2,123279,25.0,10000000,0.0,2.0
ENTERTAINMENT,4.1,27424,17.0,1000000,0.0,11.45
ENTERTAINMENT,4.0,29706,19.0,1000000,0.0,3.1
ENTERTAINMENT,4.4,288150,21.0,5000000,0.0,2.17
ENTERTAINMENT,4.2,14807,19.0,1000000,0.0,11.45
ENTERTAINMENT,4.0,35928,19.0,1000000,0.0,3.1
ENTERTAINMENT,4.3,64448,4.4,1000000,0.0,43
ENTERTAINMENT,3.9,22378,19.0,1000000,0.0,11.45
ENTERTAINMENT,4.3,296829,11.0,10000000,0.0,2.13
ENTERTAINMENT,3.8,92058,12.0,10000000,0.0,4.8
ENTERTAINMENT,4.2,123279,25.0,10000000,0.0,2.0
ENTERTAINMENT,4.4,288150,21.0,5000000,0.0,2.17
ENTERTAINMENT,4.5,16372,13.0,500000,0.0,1.16
ENTERTAINMENT,4.1,58028,17.0,5000000,0.0,4.18
ENTERTAINMENT,4.1,33387,20.0,1000000,0.0,3.1
ENTERTAINMENT,4.5,736864,20.0,10000000,0.0,3.17
ENTERTAINMENT,4.0,29706,19.0,1000000,0.0,3.1
ENTERTAINMENT,4.1,27424,17.0,1000000,0.0,11.45
ENTERTAINMENT,3.6,1968,21.0,500000,0.0,3.3
ENTERTAINMENT,3.8,35279,15.0,1000000,0.0,11.45
ENTERTAINMENT,4.0,35931,19.0,1000000,0.0,3.1
ENTERTAINMENT,4.2,14807,19.0,1000000,0.0,11.45
ENTERTAINMENT,3.7,17247,7.2,1000000,0.0,4.0
ENTERTAINMENT,3.8,87723,32.0,10000000,0.0,16.0
ENTERTAINMENT,3.7,197774,44.0,10000000,0.0,6.6
ENTERTAINMENT,3.9,8674,19.0,1000000,0.0,3.3
ENTERTAINMENT,4.3,296771,11.0,10000000,0.0,2.13
ENTERTAINMENT,4.2,123279,25.0,10000000,0.0,2.0
ENTERTAINMENT,4.5,653008,16.0,10000000,0.0,9.1
ENTERTAINMENT,4.1,33387,20.0,1000000,0.0,3.1
ENTERTAINMENT,4.4,288150,21.0,5000000,0.0,2.17
ENTERTAINMENT,4.1,115033,30.0,10000000,0.0,7.5
ENTERTAINMENT,3.9,801,57.0,100000,0.0,4.003
ENTERTAINMENT,4.0,29706,19.0,1000000,0.0,3.1
ENTERTAINMENT,4.1,27424,17.0,1000000,0.0,11.45
ENTERTAINMENT,3.8,35279,15.0,1000000,0.0,11.45
ENTERTAINMENT,4.0,35931,19.0,1000000,0.0,3.1
ENTERTAINMENT,3.9,22378,19.0,1000000,0.0,11.45
ENTERTAINMENT,4.2,14807,19.0,1000000,0.0,11.45
ENTERTAINMENT,3.7,197774,44.0,10000000,0.0,6.6
ENTERTAINMENT,3.9,8674,19.0,1000000,0.0,3.3
ENTERTAINMENT,4.2,8968,35.0,1000000,0.0,1.0
ENTERTAINMENT,4.3,303,44.0,10000,0.0,1.2
ENTERTAINMENT,4.3,1856,20.0,100000,0.0,1.6
ENTERTAINMENT,4.6,50725,19.0,5000000,0.0,1.0
ENTERTAINMENT,4.2,123279,25.0,10000000,0.0,2.0
ENTERTAINMENT,4.5,1575,43.0,100000,0.0,2.3
ENTERTAINMENT,4.2,23666,3.6,1000000,0.0,8.1
ENTERTAINMENT,4.4,67554,7.7,1000000,0.0,4.0
ENTERTAINMENT,4.2,38769,44.0,1000000,0.0,7.2
ENTERTAINMENT,4.3,160164,12.0,10000000,0.0,4.2
ENTERTAINMENT,4.6,3771,53.0,100000,2.99,4.426
ENTERTAINMENT,4.3,256664,77.0,10000000,0.0,4.1
EVENTS,4.0,3782,9.5,100000,0.0,8.4
EVENTS,4.5,7074,6.3,500000,0.0,1.57
EVENTS,4.5,2153,5.9,50000,0.0,1.5
EVENTS,4.0,20611,12.0,1000000,0.0,4.3
EVENTS,4.2,811,2.8,10000,0.0,3.8
EVENTS,4.4,15558,26.0,1000000,0.0,2018.07
EVENTS,4.6,573,8.7,100000,0.0,1.40
EVENTS,,37,16.0,10000,0.0,1.0
EVENTS,4.6,3874,14.0,100000,0.0,4.0
EVENTS,4.4,464,8.9,100000,0.0,1.3
EVENTS,4.6,731,11.0,50000,0.0,2.0
EVENTS,4.9,69,0.334,1000,0.0,1.0
EVENTS,4.5,8800,24.0,1000000,0.0,11.1
EVENTS,4.6,99,13.0,10000,0.0,1.1
EVENTS,4.3,456,2.8,50000,0.0,1.75
EVENTS,,6,9.7,100,0.0,2.0
EVENTS,,4,1.4,100,0.0,1.107
EVENTS,4.3,5839,3.5,100000,0.0,16.11
EVENTS,5.0,4,61.0,500,0.0,1.0
EVENTS,4.4,663,6.0,100000,0.0,1.1
EVENTS,5.0,16,2.3,100,0.0,1.14
EVENTS,4.5,1065,9.0,100000,0.0,1.3
EVENTS,,3,11.0,100,0.0,1.1
EVENTS,,13,27.0,1000,0.0,1.0
EVENTS,,46,3.6,5000,0.0,1.4
EVENTS,4.8,12,29.0,1000,0.0,42.0
EVENTS,4.4,4298,4.4,100000,0.0,2.2
EVENTS,5.0,1,21.0,100,0.0,1.0
EVENTS,,49,13.0,1000,0.0,18.4
EVENTS,3.7,100,27.0,50000,0.0,1.0
EVENTS,,11,11.0,5000,0.0,3.05
EVENTS,4.1,399,24.0,100000,0.0,3.11
EVENTS,,5,6.1,100,0.0,1.0
EVENTS,4.8,28,6.3,1000,0.0,8.0
EVENTS,,250,23.0,1000,0.0,1.0
EVENTS,,1,34.0,100,0.0,1.0
EVENTS,4.6,7,3.8,500,0.0,2.1
FINANCE,3.6,52306,42.0,5000000,0.0,20.1
FINANCE,3.8,42644,19.0,5000000,0.0,8.18
FINANCE,4.2,278082,70.0,10000000,0.0,10.78
FINANCE,4.2,6076,32.0,500000,0.0,4.1
FINANCE,4.2,112656,93.0,5000000,0.0,3.9
FINANCE,4.2,957973,40.0,10000000,0.0,6.5
FINANCE,4.7,167168,20.0,1000000,0.0,3.115
FINANCE,4.0,34428,15.0,10000000,0.0,2.31
FINANCE,3.6,15247,28.0,1000000,0.0,3.0
FINANCE,4.0,48445,10.0,5000000,0.0,2.6
FINANCE,4.2,21996,14.0,1000000,0.0,1.17
FINANCE,4.0,12073,42.0,1000000,0.0,3.3
FINANCE,4.1,111632,65.0,1000000,0.0,5.10
FINANCE,4.4,250706,37.0,10000000,0.0,6.8
FINANCE,4.5,64959,39.0,1000000,0.0,5.0
FINANCE,4.3,659741,47.0,50000000,0.0,6.28
FINANCE,4.6,510392,79.0,10000000,0.0,5.38
FINANCE,4.3,7215,18.0,1000000,0.0,2.7
FINANCE,4.5,60449,100.0,1000000,0.0,2.9
FINANCE,4.5,381788,32.0,10000000,0.0,3.22
FINANCE,3.6,10697,46.0,1000000,0.0,3.22
FINANCE,4.1,31804,9.8,5000000,0.0,3.1
FINANCE,3.5,3856,8.2,1000000,0.0,3.2
FINANCE,4.5,1336246,39.0,10000000,0.0,6.39
FINANCE,4.2,257,44.0,10000,0.0,2.2
FINANCE,4.2,283,5.0,100000,0.0,2.5
FINANCE,4.8,12304,21.0,100000,0.0,6.0
FINANCE,4.5,8188,22.0,100000,0.0,2.29
FINANCE,4.2,11919,23.0,1000000,0.0,1.13
FINANCE,4.4,21570,27.0,1000000,0.0,2.0
FINANCE,4.2,283,5.0,100000,0.0,2.5
FINANCE,4.6,16961,32.0,500000,0.0,2.12
FINANCE,4.6,111254,7.4,1000000,0.0,1.8
FINANCE,4.4,7731,24.0,100000,0.0,2.53
FINANCE,4.3,5928,22.0,500000,0.0,5.1
FINANCE,4.2,6148,10.0,1000000,0.0,1.14
FINANCE,3.8,861,17.0,100000,0.0,3.3
FINANCE,4.5,8662,38.0,100000,0.0,2.5
FINANCE,4.6,23130,46.0,1000000,0.0,2.1
FINANCE,4.6,69973,3.8,1000000,0.0,1.17
FINANCE,4.7,1311,9.3,50000,0.0,1.4
FINANCE,4.6,26587,8.4,1000000,0.0,1.18
FINANCE,4.6,2417,28.0,100000,0.0,3.5
FINANCE,3.8,1054,9.7,100000,0.0,2.3
FINANCE,4.3,25166,11.0,1000000,0.0,3.1
FINANCE,4.5,19870,7.4,1000000,0.0,2.9
FINANCE,4.6,3596,19.0,100000,0.0,16.6
FINANCE,4.6,161440,16.0,1000000,0.0,3.2
FINANCE,4.7,7514,14.0,100000,0.0,1.9
FINANCE,4.5,46106,22.0,1000000,0.0,1.28
FINANCE,4.4,15141,25.0,1000000,0.0,4.63
FINANCE,3.9,714,3.6,50000,0.0,2.10
FINANCE,4.1,4344,4.5,500000,0.0,3.6
FINANCE,4.4,42809,23.0,1000000,0.0,3.04
FINANCE,4.4,1922,4.2,100000,0.0,1.28
FINANCE,3.9,10658,58.0,1000000,0.0,6.8
FINANCE,4.5,78361,22.0,1000000,0.0,1.2
FINANCE,4.1,13868,1.4,1000000,0.0,1.1
FINANCE,4.6,11066,9.1,500000,0.0,1.1
FINANCE,4.5,8188,22.0,100000,0.0,2.29
FINANCE,4.3,685,21.0,50000,0.0,3.0
FINANCE,4.4,3780,11.0,100000,0.0,6.0
FINANCE,4.1,15192,38.0,1000000,0.0,4.2
FINANCE,4.4,5950,12.0,500000,0.0,2.131
FINANCE,4.2,15993,45.0,1000000,0.0,4.10
FINANCE,4.3,5905,50.0,500000,0.0,6.0
FINANCE,4.4,7731,24.0,100000,0.0,2.53
FINANCE,4.3,659760,47.0,50000000,0.0,6.28
FINANCE,4.3,14627,23.0,1000000,0.0,5.1
FINANCE,3.9,1098,46.0,100000,0.0,4.10
FINANCE,4.1,2898,45.0,100000,0.0,4.10
FINANCE,4.1,70782,50.0,1000000,0.0,2.34
FINANCE,4.2,11264,24.0,1000000,0.0,5.2
FINANCE,4.5,100997,33.0,5000000,0.0,8.44
FINANCE,4.7,3290,12.0,50000,0.0,5.9
FINANCE,4.4,341090,53.0,10000000,0.0,7.8
FINANCE,4.6,964,14.0,10000,0.0,5.9
FINANCE,4.6,87951,68.0,5000000,0.0,9.7
FINANCE,4.4,250719,37.0,10000000,0.0,6.8
FINANCE,4.6,510401,79.0,10000000,0.0,5.38
FINANCE,4.3,24729,32.0,1000000,0.0,6.7
FINANCE,4.0,78306,46.0,5000000,0.0,9.9
FINANCE,4.4,43313,40.0,1000000,0.0,5.16
FINANCE,4.6,1374549,32.0,10000000,0.0,3.52
FINANCE,4.1,6998,24.0,1000000,0.0,6.29
FOOD_AND_DRINK,3.6,145323,42.0,10000000,0.0,5.15
FOOD_AND_DRINK,,95,12.0,50000,0.0,3.0
FOOD_AND_DRINK,4.1,64784,13.0,10000000,0.0,18.6
FOOD_AND_DRINK,4.6,32997,13.0,1000000,0.0,2.2
FOOD_AND_DRINK,,82,4.9,10000,0.0,1.1
FOOD_AND_DRINK,4.7,2707,8.9,100000,0.0,2.12
FOOD_AND_DRINK,4.7,611136,19.0,10000000,0.0,3.2
FOOD_AND_DRINK,4.1,2473,14.0,500000,0.0,3.1
FOOD_AND_DRINK,3.4,109784,64.0,10000000,0.0,4.0
FOOD_AND_DRINK,3.8,3320,8.4,500000,0.0,1.9
FOOD_AND_DRINK,3.7,61,11.0,50000,0.0,1.0
FOOD_AND_DRINK,4.2,68103,66.0,1000000,0.0,5.0
FOOD_AND_DRINK,3.5,10741,41.0,1000000,0.0,5.2
FOOD_AND_DRINK,4.7,3803,15.0,500000,0.0,1.6
FOOD_AND_DRINK,4.5,155944,35.0,5000000,0.0,7.12
FOOD_AND_DRINK,4.2,10159,36.0,1000000,0.0,4.3
FOOD_AND_DRINK,4.3,28008,17.0,5000000,0.0,6.0
FOOD_AND_DRINK,4.0,43614,25.0,1000000,0.0,2.14
FOOD_AND_DRINK,4.5,455377,35.0,10000000,0.0,4.11
FOOD_AND_DRINK,4.6,1398,10.0,100000,0.0,1.0
FOOD_AND_DRINK,4.1,32405,12.0,5000000,0.0,3.3
FOOD_AND_DRINK,3.8,22513,11.0,1000000,0.0,5.3
FOOD_AND_DRINK,4.2,8509,17.0,1000000,0.0,3.5
FOOD_AND_DRINK,4.3,19314,43.0,1000000,0.0,3.3
FOOD_AND_DRINK,3.8,21314,41.0,1000000,0.0,7.9
FOOD_AND_DRINK,3.7,731,43.0,100000,0.0,2.1
FOOD_AND_DRINK,4.5,454,16.0,100000,0.0,2.0
FOOD_AND_DRINK,3.6,14952,39.0,1000000,0.0,5.8
FOOD_AND_DRINK,4.8,1250,13.0,50000,0.0,3.2
FOOD_AND_DRINK,3.3,1726,30.0,500000,0.0,4.26
FOOD_AND_DRINK,4.7,14065,7.1,500000,0.0,1.2
FOOD_AND_DRINK,4.6,556,23.0,100000,0.0,2.0
FOOD_AND_DRINK,4.6,4925,17.0,1000000,0.0,3.6
FOOD_AND_DRINK,3.4,6507,18.0,1000000,0.0,5.7
FOOD_AND_DRINK,4.0,1077,17.0,100000,0.0,3.2
FOOD_AND_DRINK,4.5,9066,15.0,500000,0.0,4.0
FOOD_AND_DRINK,4.4,1962,22.0,100000,0.0,3.17
FOOD_AND_DRINK,4.0,196,9.0,10000,0.0,1.2
FOOD_AND_DRINK,4.1,278,7.2,50000,0.0,24.5
FOOD_AND_DRINK,4.1,1268,2.3,50000,4.99,1.4
FOOD_AND_DRINK,4.5,91359,27.0,1000000,0.0,2.0
FOOD_AND_DRINK,4.5,131569,8.2,10000000,0.0,2.76
FOOD_AND_DRINK,4.3,31986,76.0,1000000,0.0,5.7
FOOD_AND_DRINK,3.6,22875,22.0,1000000,0.0,4.2
FOOD_AND_DRINK,4.6,90242,19.0,5000000,0.0,9.15
FOOD_AND_DRINK,3.9,464,28.0,50000,0.0,2.6
FOOD_AND_DRINK,4.5,155944,35.0,5000000,0.0,7.12
FOOD_AND_DRINK,3.6,22875,22.0,1000000,0.0,4.2
FOOD_AND_DRINK,4.6,7690,25.0,100000,0.0,3.1
FOOD_AND_DRINK,4.4,321134,30.0,10000000,0.0,4.7
FOOD_AND_DRINK,4.2,3755,8.5,100000,0.0,2.4
FOOD_AND_DRINK,4.3,28009,17.0,5000000,0.0,6.0
FOOD_AND_DRINK,4.2,333208,34.0,10000000,0.0,1.161
FOOD_AND_DRINK,4.5,35218,34.0,1000000,0.0,7.12
FOOD_AND_DRINK,4.3,37517,17.0,5000000,0.0,11.11
FOOD_AND_DRINK,4.0,292969,16.0,10000000,0.0,4.11
HEALTH_AND_FITNESS,4.0,1577,2.2,500000,0.0,1.0
HEALTH_AND_FITNESS,4.9,38098,11.0,5000000,0.0,1.0
HEALTH_AND_FITNESS,4.8,31139,6.9,1000000,0.0,1.0
HEALTH_AND_FITNESS,4.9,272337,13.0,10000000,0.0,1.0
HEALTH_AND_FITNESS,4.8,220125,11.0,10000000,0.0,1.0
HEALTH_AND_FITNESS,4.4,400592,2.9,10000000,0.0,5.23
HEALTH_AND_FITNESS,3.3,20098,25.0,10000000,0.0,5.31
HEALTH_AND_FITNESS,4.7,117925,7.0,10000000,0.0,1.0
HEALTH_AND_FITNESS,4.6,548021,27.0,10000000,0.0,5.7
HEALTH_AND_FITNESS,4.8,48276,7.5,1000000,0.0,3.0
HEALTH_AND_FITNESS,4.8,12705,15.0,1000000,0.0,1.0
HEALTH_AND_FITNESS,4.5,706,9.4,100000,0.0,1.0
HEALTH_AND_FITNESS,4.4,465,6.4,500000,0.0,1.08
HEALTH_AND_FITNESS,4.5,644,5.5,100000,0.0,1.0
HEALTH_AND_FITNESS,4.5,6238,3.9,500000,0.0,1.1
HEALTH_AND_FITNESS,4.5,144040,55.0,5000000,0.0,18.7
HEALTH_AND_FITNESS,4.8,51227,28.0,1000000,0.0,4.0
HEALTH_AND_FITNESS,4.6,199,8.8,50000,0.0,1.0
HEALTH_AND_FITNESS,4.5,9116,4.0,500000,0.0,1.1
HEALTH_AND_FITNESS,4.7,2071,6.9,100000,0.0,1.0
HEALTH_AND_FITNESS,4.7,50294,11.0,1000000,0.0,3.0
HEALTH_AND_FITNESS,4.2,1140,5.5,500000,0.0,1.5
HEALTH_AND_FITNESS,4.2,14709,15.0,5000000,0.0,2.8
HEALTH_AND_FITNESS,4.4,12029,4.3,1000000,0.0,2.6
HEALTH_AND_FITNESS,4.6,2880,7.1,100000,0.0,1.0
HEALTH_AND_FITNESS,4.2,270267,58.0,5000000,0.0,6.15
HEALTH_AND_FITNESS,4.5,8642,18.0,100000,0.0,1.20
HEALTH_AND_FITNESS,3.7,1861,1.5,1000000,0.0,1.5
HEALTH_AND_FITNESS,4.5,1203,6.5,500000,0.0,1.2
HEALTH_AND_FITNESS,4.6,299,11.0,100000,0.0,1.3
HEALTH_AND_FITNESS,4.6,115721,67.0,10000000,0.0,3.5
HEALTH_AND_FITNESS,4.5,183662,57.0,5000000,0.0,18.7
HEALTH_AND_FITNESS,4.5,27393,59.0,1000000,0.0,6.5
HEALTH_AND_FITNESS,4.6,10445,48.0,500000,0.0,112.0
HEALTH_AND_FITNESS,4.0,49479,57.0,1000000,0.0,5.13
HEALTH_AND_FITNESS,4.3,4848,13.0,1000000,0.0,2.6
HEALTH_AND_FITNESS,4.6,205299,31.0,5000000,0.0,3.48
HEALTH_AND_FITNESS,4.5,183669,57.0,5000000,0.0,18.7
HEALTH_AND_FITNESS,4.6,5420,21.0,500000,0.0,2.48
HEALTH_AND_FITNESS,4.5,130104,25.0,10000000,0.0,5.3
HEALTH_AND_FITNESS,4.6,251534,93.0,10000000,0.0,5.14
HEALTH_AND_FITNESS,4.6,28951,60.0,1000000,0.0,4.4
HEALTH_AND_FITNESS,4.5,60096,27.0,5000000,0.0,10.0
HEALTH_AND_FITNESS,4.5,106547,54.0,1000000,0.0,18.7
HEALTH_AND_FITNESS,4.5,27396,59.0,1000000,0.0,6.5
HEALTH_AND_FITNESS,4.6,109756,78.0,5000000,0.0,8.2
HEALTH_AND_FITNESS,4.4,38343,55.0,1000000,0.0,18.7
HEALTH_AND_FITNESS,4.6,115721,67.0,10000000,0.0,3.5
HEALTH_AND_FITNESS,4.4,70769,35.0,5000000,0.0,6.2
HEALTH_AND_FITNESS,4.4,26540,43.0,1000000,0.0,2.5
HEALTH_AND_FITNESS,4.2,1608,39.0,100000,0.0,6.7
HEALTH_AND_FITNESS,4.5,19074,4.2,1000000,0.0,16.0
HEALTH_AND_FITNESS,4.5,7976,44.0,500000,0.0,7.0
HEALTH_AND_FITNESS,4.4,7586,45.0,500000,0.0,1.0
HEALTH_AND_FITNESS,4.6,48226,28.0,1000000,0.0,3.1
HEALTH_AND_FITNESS,4.6,1026,29.0,10000,3.99,1.0
HEALTH_AND_FITNESS,4.9,28945,12.0,500000,0.0,2.6
HEALTH_AND_FITNESS,4.4,11506,15.0,100000,0.0,3.0
HEALTH_AND_FITNESS,4.3,1288,31.0,100000,0.0,2.0
HEALTH_AND_FITNESS,4.7,11689,20.0,500000,0.0,1.29
HEALTH_AND_FITNESS,4.6,77563,39.0,10000000,0.0,3.6
HEALTH_AND_FITNESS,4.3,5499,94.0,100000,0.0,2.0
HEALTH_AND_FITNESS,4.4,70769,35.0,5000000,0.0,6.2
HEALTH_AND_FITNESS,4.3,26652,41.0,1000000,0.0,2.3
HEALTH_AND_FITNESS,4.6,71269,49.0,1000000,0.0,2.3
HEALTH_AND_FITNESS,4.6,20301,22.0,1000000,0.0,3.22
HEALTH_AND_FITNESS,4.6,56145,23.0,1000000,0.0,7.3
HEALTH_AND_FITNESS,4.6,20326,28.0,1000000,0.0,2.9
HEALTH_AND_FITNESS,4.5,12955,7.2,1000000,0.0,10.24
HEALTH_AND_FITNESS,4.1,2681,6.5,500000,0.0,37
HEALTH_AND_FITNESS,4.6,4102,24.0,500000,0.0,2.6
HEALTH_AND_FITNESS,4.8,570242,20.0,10000000,0.0,5.0
HEALTH_AND_FITNESS,4.5,121838,15.0,5000000,0.0,5.5
HEALTH_AND_FITNESS,4.4,12858,55.0,500000,0.0,18.7
HEALTH_AND_FITNESS,4.5,50679,38.0,1000000,0.0,3.6
HEALTH_AND_FITNESS,4.3,16943,32.0,1000000,0.0,8.8
HEALTH_AND_FITNESS,4.6,623,40.0,50000,0.0,1.2
HEALTH_AND_FITNESS,4.5,27396,59.0,1000000,0.0,6.5
HEALTH_AND_FITNESS,4.4,70416,23.0,5000000,0.0,3.19
HEALTH_AND_FITNESS,4.7,15674,6.1,1000000,0.0,4.5
HEALTH_AND_FITNESS,4.2,270294,58.0,5000000,0.0,6.15
HEALTH_AND_FITNESS,4.5,144050,55.0,5000000,0.0,18.7
HEALTH_AND_FITNESS,4.5,183669,57.0,5000000,0.0,18.7
HEALTH_AND_FITNESS,4.6,251534,93.0,10000000,0.0,5.14
HEALTH_AND_FITNESS,4.6,28951,60.0,1000000,0.0,4.4
HEALTH_AND_FITNESS,4.5,27439,19.0,1000000,0.0,6.5
HEALTH_AND_FITNESS,4.0,2490,3.8,500000,0.0,1.9
HEALTH_AND_FITNESS,4.6,24094,18.0,1000000,0.0,3.3
HEALTH_AND_FITNESS,4.1,18539,57.0,1000000,0.0,1.11
HEALTH_AND_FITNESS,4.0,3061,5.5,100000,0.0,2.3
HEALTH_AND_FITNESS,4.4,20547,5.7,1000000,0.0,3.2
HEALTH_AND_FITNESS,4.1,3405,51.0,100000,0.0,4.5
HEALTH_AND_FITNESS,3.5,217,9.4,50000,0.0,4.6
HEALTH_AND_FITNESS,4.3,7895,3.3,500000,0.0,3.3
HEALTH_AND_FITNESS,4.2,1324,4.0,100000,0.0,10.2
HEALTH_AND_FITNESS,4.5,27439,19.0,1000000,0.0,6.5
HEALTH_AND_FITNESS,4.0,2490,3.8,500000,0.0,1.9
HEALTH_AND_FITNESS,4.5,126017,4.3,5000000,0.0,4.9
HEALTH_AND_FITNESS,4.6,24094,18.0,1000000,0.0,3.3
HEALTH_AND_FITNESS,4.4,20547,5.7,1000000,0.0,3.2
HEALTH_AND_FITNESS,4.1,2469,3.6,100000,0.0,1.0
HEALTH_AND_FITNESS,4.0,3061,5.5,100000,0.0,2.3
HEALTH_AND_FITNESS,4.1,18539,57.0,1000000,0.0,1.11
HEALTH_AND_FITNESS,4.1,3405,51.0,100000,0.0,4.5
HEALTH_AND_FITNESS,4.2,270294,58.0,5000000,0.0,6.15
HEALTH_AND_FITNESS,3.5,217,9.4,50000,0.0,4.6
HEALTH_AND_FITNESS,4.3,7895,3.3,500000,0.0,3.3
HEALTH_AND_FITNESS,4.2,1324,4.0,100000,0.0,10.2
HEALTH_AND_FITNESS,4.4,26540,43.0,1000000,0.0,2.5
HEALTH_AND_FITNESS,3.7,1812,37.0,100000,0.0,1.31
HEALTH_AND_FITNESS,4.6,4642,40.0,100000,0.0,1.92
HEALTH_AND_FITNESS,4.7,16570,73.0,500000,0.0,4.8
HEALTH_AND_FITNESS,4.6,48226,28.0,1000000,0.0,3.1
HEALTH_AND_FITNESS,4.0,2894,23.0,500000,0.0,1.2
HEALTH_AND_FITNESS,4.4,5038,10.0,500000,0.0,5.2
HEALTH_AND_FITNESS,4.4,11506,15.0,100000,0.0,3.0
HEALTH_AND_FITNESS,4.8,31665,8.4,1000000,0.0,8.2
HEALTH_AND_FITNESS,4.6,205299,31.0,5000000,0.0,3.48
HEALTH_AND_FITNESS,4.4,57634,41.0,1000000,0.0,7.4
HEALTH_AND_FITNESS,4.7,11689,20.0,500000,0.0,1.29
HEALTH_AND_FITNESS,4.6,77563,39.0,10000000,0.0,3.6
HEALTH_AND_FITNESS,4.4,70769,35.0,5000000,0.0,6.2
HOUSE_AND_HOME,4.5,417907,34.0,10000000,0.0,9.8
HOUSE_AND_HOME,4.8,3167,7.5,100000,0.0,2.0
HOUSE_AND_HOME,4.5,162243,12.0,10000000,0.0,8.18
HOUSE_AND_HOME,4.1,65913,7.7,5000000,0.0,4.47
HOUSE_AND_HOME,4.1,24977,21.0,1000000,0.0,3.5
HOUSE_AND_HOME,4.0,6000,18.0,1000000,0.0,9.6
HOUSE_AND_HOME,4.3,37711,40.0,1000000,0.0,2.51
HOUSE_AND_HOME,,174,8.7,10000,0.0,1.1
HOUSE_AND_HOME,3.7,2758,8.6,500000,0.0,4.2
HOUSE_AND_HOME,4.2,7573,18.0,1000000,0.0,8.2
HOUSE_AND_HOME,4.5,8481,7.5,1000000,0.0,2.1
HOUSE_AND_HOME,4.3,10054,9.1,1000000,0.0,6.7
HOUSE_AND_HOME,3.9,10117,13.0,1000000,0.0,3.6
HOUSE_AND_HOME,4.3,3522,15.0,100000,0.0,3.10
HOUSE_AND_HOME,4.6,36857,19.0,1000000,0.0,220.0
HOUSE_AND_HOME,,12,5.1,5000,0.0,1.04
HOUSE_AND_HOME,4.4,23013,26.0,5000000,0.0,3.2
HOUSE_AND_HOME,4.7,114,8.3,10000,0.0,2.1
HOUSE_AND_HOME,3.4,287,27.0,100000,0.0,2.4
HOUSE_AND_HOME,4.3,4435,7.9,500000,0.0,2.6
HOUSE_AND_HOME,4.0,4281,27.0,100000,0.0,858
HOUSE_AND_HOME,4.0,7508,5.1,1000000,0.0,7.9
HOUSE_AND_HOME,3.8,491,15.0,100000,0.0,2.6
HOUSE_AND_HOME,,160,3.1,100000,0.0,1.2
HOUSE_AND_HOME,4.3,22584,16.0,1000000,0.0,4.7
HOUSE_AND_HOME,3.6,4087,9.2,500000,0.0,4.3
HOUSE_AND_HOME,4.6,2669,10.0,500000,0.0,2.0
HOUSE_AND_HOME,,10,2.6,5000,0.0,2.0
HOUSE_AND_HOME,4.5,7619,13.0,100000,0.0,1.22
HOUSE_AND_HOME,4.7,126,1.9,10000,0.0,1.0
HOUSE_AND_HOME,4.3,273,7.0,50000,0.0,1.2
HOUSE_AND_HOME,3.7,2248,15.0,100000,0.0,3.1
HOUSE_AND_HOME,,10,4.2,10000,0.0,1.2
HOUSE_AND_HOME,4.2,809,7.8,100000,0.0,1.6
HOUSE_AND_HOME,3.4,3280,77.0,1000000,0.0,5.0
HOUSE_AND_HOME,3.9,1478,5.7,100000,0.0,1.2
HOUSE_AND_HOME,4.0,2382,5.9,500000,0.0,1.7
HOUSE_AND_HOME,4.0,4450,7.6,1000000,0.0,1.7
HOUSE_AND_HOME,4.0,515,5.8,50000,0.0,1.5
HOUSE_AND_HOME,4.0,4465,5.8,1000000,0.0,1.7
HOUSE_AND_HOME,4.1,2427,5.3,500000,0.0,1.4
HOUSE_AND_HOME,3.9,6631,5.5,1000000,0.0,1.5
HOUSE_AND_HOME,4.4,11200,25.0,1000000,0.0,4.5
HOUSE_AND_HOME,4.4,6896,35.0,500000,0.0,1.7
HOUSE_AND_HOME,4.3,4435,7.9,500000,0.0,2.6
HOUSE_AND_HOME,4.6,36857,19.0,1000000,0.0,220.0
HOUSE_AND_HOME,4.5,8481,7.5,1000000,0.0,2.1
HOUSE_AND_HOME,4.5,162243,12.0,10000000,0.0,8.18
HOUSE_AND_HOME,4.5,417907,34.0,10000000,0.0,9.8
HOUSE_AND_HOME,4.3,3834,30.0,500000,0.0,5.20
HOUSE_AND_HOME,4.3,22584,16.0,1000000,0.0,4.7
HOUSE_AND_HOME,4.1,81,16.0,50000,0.0,2.1
LIBRARIES_AND_DEMO,4.4,58,15.0,10000,0.0,1.0
LIBRARIES_AND_DEMO,4.6,3014,21.0,100000,0.0,1.1
LIBRARIES_AND_DEMO,,5,1.8,1000,0.0,4.4
LIBRARIES_AND_DEMO,4.1,923,4.3,100000,0.0,3.1
LIBRARIES_AND_DEMO,,26,10.0,10000,0.0,1.2
LIBRARIES_AND_DEMO,,487,3.7,100000,0.0,1.0
LIBRARIES_AND_DEMO,3.8,67007,0.232,5000000,0.0,1.2
LIBRARIES_AND_DEMO,4.6,539,99.0,50000,0.0,7.0
LIBRARIES_AND_DEMO,3.5,126862,0.624,10000000,0.0,1.0
LIBRARIES_AND_DEMO,4.7,48,6.9,1000,0.0,1.7
LIBRARIES_AND_DEMO,4.3,1465,7.0,100000,0.0,6.7
LIBRARIES_AND_DEMO,4.5,929,7.0,50000,0.0,1.02
LIBRARIES_AND_DEMO,4.4,783,6.4,100000,0.0,1.6
LIBRARIES_AND_DEMO,4.3,434,16.0,100000,0.0,6.0
LIBRARIES_AND_DEMO,,54,5.9,10000,0.0,1.0
LIBRARIES_AND_DEMO,4.3,411,95.0,50000,0.0,5.0
LIBRARIES_AND_DEMO,4.6,237,0.0085,50000,0.0,1.02
LIBRARIES_AND_DEMO,4.6,2580,20.0,100000,0.0,2.0
LIBRARIES_AND_DEMO,,363,2.5,100000,0.0,1.2
LIBRARIES_AND_DEMO,4.2,130272,50.0,10000000,0.0,1.8
LIBRARIES_AND_DEMO,,110,10.0,10000,0.0,1.0
LIBRARIES_AND_DEMO,,91,18.0,100000,0.0,6.0
LIBRARIES_AND_DEMO,4.6,130,12.0,10000,0.0,1.0
LIBRARIES_AND_DEMO,,25,2.5,10000,0.0,1.0
LIBRARIES_AND_DEMO,,20,2.1,5000,0.0,1.0
LIBRARIES_AND_DEMO,4.4,7396,22.0,500000,0.0,5.28
LIBRARIES_AND_DEMO,3.9,58055,0.041,5000000,0.0,2.0
LIBRARIES_AND_DEMO,4.5,1703,22.0,100000,0.0,3.1
LIBRARIES_AND_DEMO,3.8,7750,0.292,1000000,0.0,1.0
LIBRARIES_AND_DEMO,4.3,6,5.5,10000,0.0,8.0
LIBRARIES_AND_DEMO,5.0,26,2.5,1000,0.0,1.0
LIBRARIES_AND_DEMO,3.2,1919,8.1,500000,0.0,5.9
LIBRARIES_AND_DEMO,4.5,60170,28.0,1000000,0.0,2.4
LIBRARIES_AND_DEMO,4.7,831,24.0,100000,0.0,8.0
LIBRARIES_AND_DEMO,4.0,8671,3.1,1000000,0.0,3.6
LIBRARIES_AND_DEMO,,31,3.4,10000,0.0,1.0
LIBRARIES_AND_DEMO,3.8,912,13.0,500000,0.0,2.0
LIBRARIES_AND_DEMO,4.7,2639,19.0,500000,0.0,6.0
LIBRARIES_AND_DEMO,4.5,399,9.5,100000,0.0,1.1
LIBRARIES_AND_DEMO,,102,21.0,50000,0.0,6.0
LIBRARIES_AND_DEMO,4.2,3945,9.4,500000,0.0,4.2
LIBRARIES_AND_DEMO,,2221,2.4,500000,0.0,1.1
LIBRARIES_AND_DEMO,4.1,3781,36.0,1000000,0.0,1.8
LIBRARIES_AND_DEMO,3.1,1267,55.0,100000,0.0,5.1
LIFESTYLE,4.1,18968,32.0,5000000,0.0,5.1
LIFESTYLE,4.1,47497,34.0,10000000,0.0,5.3
LIFESTYLE,4.3,601,5.1,100000,0.0,1.0
LIFESTYLE,4.0,140995,100.0,10000000,0.0,9.0
LIFESTYLE,4.6,51357,80.0,5000000,0.0,8.0
LIFESTYLE,4.4,13565,3.3,1000000,0.0,2.5
LIFESTYLE,4.4,39364,28.0,5000000,0.0,10.19
LIFESTYLE,4.3,7287,5.0,1000000,0.0,1.0
LIFESTYLE,4.6,161143,11.0,10000000,0.0,5.2
LIFESTYLE,3.2,16168,55.0,1000000,0.0,2.2
LIFESTYLE,4.5,100,7.1,1000000,0.0,1.0
LIFESTYLE,4.6,116079,3.2,5000000,0.0,5.8
LIFESTYLE,4.6,815893,4.4,10000000,0.0,4.90
LIFESTYLE,4.3,985,16.0,500000,0.0,3.7
LIFESTYLE,3.0,4260,6.3,5000000,0.0,6.1
LIFESTYLE,4.4,726074,45.0,10000000,0.0,16.7
LIFESTYLE,4.4,3829,23.0,1000000,0.0,3.9
LIFESTYLE,4.3,33572,37.0,1000000,0.0,6.2
LIFESTYLE,3.5,6145,13.0,10000000,0.0,8.00
LIFESTYLE,4.3,34327,8.1,5000000,0.0,2.5
LIFESTYLE,4.5,7457,13.0,1000000,0.0,2.4
LIFESTYLE,3.7,41941,14.0,10000000,0.0,9.6
LIFESTYLE,4.5,82145,30.0,50000000,0.0,10.19
LIFESTYLE,4.2,10944,36.0,1000000,0.0,2.0
LIFESTYLE,4.3,665,3.0,500000,0.0,2.0
LIFESTYLE,4.6,2167,1.4,500000,0.0,1.0
LIFESTYLE,4.5,53652,39.0,1000000,0.0,2.15
LIFESTYLE,3.9,18961,1.8,5000000,0.0,1.1
LIFESTYLE,4.3,9412,1.7,1000000,0.0,1.5
LIFESTYLE,3.3,9663,19.0,1000000,0.0,6.97
LIFESTYLE,4.7,2225,15.0,100000,0.0,4.2
LIFESTYLE,4.2,23164,10.0,1000000,0.0,2.6
LIFESTYLE,3.2,3031,2.7,1000000,0.0,1.5
LIFESTYLE,4.4,95557,16.0,10000000,0.0,7.0
LIFESTYLE,3.5,7869,21.0,1000000,0.0,02.00
LIFESTYLE,3.7,4212,20.0,1000000,0.0,3.4
LIFESTYLE,3.8,17368,14.0,10000000,0.0,5.1
LIFESTYLE,3.8,6554,76.0,500000,0.0,9.4
LIFESTYLE,3.7,33264,18.0,10000000,0.0,6.2
LIFESTYLE,4.6,34782,12.0,1000000,0.0,5.2
LIFESTYLE,4.0,6676,6.2,1000000,0.0,3.0
LIFESTYLE,3.8,1797,6.8,100000,0.0,2.0
LIFESTYLE,4.7,20304,24.0,500000,0.0,4.35
LIFESTYLE,3.9,7376,19.0,1000000,0.0,5.2
LIFESTYLE,4.1,49147,13.0,1000000,0.0,2.9
LIFESTYLE,4.6,69177,15.0,1000000,0.0,2.7
LIFESTYLE,4.2,3448,13.0,100000,0.0,3.9
LIFESTYLE,4.2,3788,44.0,1000000,0.0,8.5
LIFESTYLE,4.6,1658,9.7,100000,0.0,2.0
LIFESTYLE,4.7,20304,24.0,500000,0.0,4.35
LIFESTYLE,4.1,3309,13.0,500000,0.0,10.0
LIFESTYLE,3.9,987,4.5,10000,0.0,2.0
LIFESTYLE,4.0,5208,4.5,100000,0.0,1.37
LIFESTYLE,4.1,78298,29.0,5000000,0.0,3.1
LIFESTYLE,4.6,34802,12.0,1000000,0.0,5.2
LIFESTYLE,4.1,6808,12.0,500000,0.0,3.2
LIFESTYLE,4.1,360,4.6,10000,0.0,1.6
LIFESTYLE,4.4,16637,10.0,1000000,0.0,1.8
LIFESTYLE,3.8,1797,6.8,100000,0.0,2.0
LIFESTYLE,4.3,95904,33.0,10000000,0.0,4.1
LIFESTYLE,4.1,6808,12.0,500000,0.0,3.2
LIFESTYLE,4.1,360,4.6,10000,0.0,1.6
LIFESTYLE,4.4,16637,10.0,1000000,0.0,1.8
LIFESTYLE,3.8,1797,6.8,100000,0.0,2.0
LIFESTYLE,4.3,95905,33.0,10000000,0.0,4.1
LIFESTYLE,4.4,3114,13.0,100000,0.0,6.1
LIFESTYLE,4.2,220,15.0,50000,0.0,9.1
LIFESTYLE,4.4,33,23.0,5000,0.0,3.9
LIFESTYLE,4.3,1533,7.7,100000,0.0,2.2
LIFESTYLE,4.0,3937,15.0,100000,0.0,8.3
LIFESTYLE,4.2,894,25.0,50000,0.0,5.600
LIFESTYLE,3.9,2042,3.0,100000,0.0,3.1
LIFESTYLE,4.4,13213,22.0,1000000,0.0,5.800
LIFESTYLE,4.5,10097,7.5,500000,0.0,1.2
LIFESTYLE,4.8,28588,24.0,1000000,0.0,3.1
LIFESTYLE,4.5,10544,44.0,1000000,0.0,5.3
LIFESTYLE,4.5,3346,14.0,100000,0.0,3.6
GAME,4.5,4447388,67.0,100000000,0.0,2.347
GAME,4.5,27722264,76.0,1000000000,0.0,1.90
GAME,4.4,22426677,74.0,500000000,0.0,1.129
GAME,4.7,254258,23.0,10000000,0.0,2.137
GAME,4.5,148897,46.0,10000000,0.0,1.20
GAME,4.2,369203,24.0,50000000,0.0,1.5
GAME,4.6,23133508,97.0,100000000,0.0,2.3
GAME,4.3,8118609,62.0,500000000,0.0,1.49
GAME,4.3,10485308,24.0,500000000,0.0,1.4
GAME,4.2,1497361,33.0,100000000,0.0,1.0
GAME,4.6,59800,7.8,5000000,0.0,2.9
GAME,4.4,2610526,46.0,100000000,0.0,2.6
GAME,4.4,4066989,69.0,100000000,0.0,2.2
GAME,4.5,3778921,75.0,100000000,0.0,3.8
GAME,4.4,6198563,67.0,100000000,0.0,1.118
GAME,4.3,10306,50.0,1000000,0.0,1.0
GAME,4.6,44891723,98.0,100000000,0.0,10.322
GAME,4.2,17039,4.9,5000000,0.0,2.9
GAME,4.2,685981,37.0,100000000,0.0,6.6
GAME,4.5,10393,18.0,1000000,0.0,2.2
GAME,4.5,14198297,52.0,100000000,0.0,4.0
GAME,4.7,1732263,78.0,50000000,0.0,4.8
GAME,4.7,295241,3.9,10000000,0.0,1.1
GAME,4.5,1135631,59.0,50000000,0.0,1.4
GAME,4.4,5566669,97.0,100000000,0.0,7.9
GAME,4.3,1295557,11.0,100000000,0.0,4.0
GAME,3.8,270687,38.0,10000000,0.0,1.0
GAME,4.1,68057,85.0,10000000,0.0,1.3
GAME,4.3,1300490,78.0,50000000,0.0,2.1
GAME,4.4,8923587,63.0,100000000,0.0,1.37
GAME,4.3,42053,24.0,10000000,0.0,4.9
GAME,4.4,257724,69.0,10000000,0.0,1.4
GAME,4.7,990491,75.0,10000000,0.0,1.0
GAME,4.4,7614130,70.0,100000000,0.0,5.1
GAME,4.6,760628,63.0,10000000,0.0,1.03
GAME,4.5,9881829,99.0,100000000,0.0,3.7
GAME,4.4,2123381,49.0,100000000,0.0,3.7
GAME,4.5,27723193,76.0,1000000000,0.0,1.90
GAME,4.5,4447346,67.0,100000000,0.0,2.347
GAME,4.3,10485334,24.0,500000000,0.0,1.4
GAME,4.5,14198602,52.0,100000000,0.0,4.0
GAME,4.6,44891723,98.0,100000000,0.0,10.322
GAME,4.4,22428456,74.0,500000000,0.0,1.129
GAME,4.4,4066980,69.0,100000000,0.0,2.2
GAME,4.5,3197865,82.0,100000000,0.0,2.8
GAME,4.6,5418675,96.0,100000000,0.0,1.751
GAME,4.5,9881908,99.0,100000000,0.0,3.7
GAME,4.5,148895,46.0,10000000,0.0,1.20
GAME,4.5,183846,99.0,10000000,0.0,1.0
GAME,4.8,230710,87.0,10000000,0.0,1.0
GAME,4.7,295305,3.9,10000000,0.0,1.1
GAME,4.4,6198880,67.0,100000000,0.0,1.118
GAME,4.5,5465624,53.0,100000000,0.0,1.21
GAME,4.6,59854,7.8,5000000,0.0,2.9
GAME,4.6,23134775,97.0,100000000,0.0,2.3
GAME,4.5,1137271,59.0,50000000,0.0,1.4
GAME,4.4,2610622,46.0,100000000,0.0,2.6
GAME,4.7,990586,75.0,10000000,0.0,1.0
GAME,4.3,10354,50.0,1000000,0.0,1.0
GAME,4.3,8118937,62.0,500000000,0.0,1.49
GAME,4.3,18985,23.0,5000000,0.0,1.5
GAME,4.5,655067,72.0,10000000,0.0,1.2
GAME,4.4,7614271,70.0,100000000,0.0,5.1
GAME,4.5,10434,18.0,1000000,0.0,2.2
GAME,4.5,1385093,35.0,100000000,0.0,1.7
GAME,4.6,2698348,78.0,100000000,0.0,2.8
GAME,4.7,1125017,25.0,10000000,0.0,3.9
GAME,4.6,9882639,74.0,100000000,0.0,5.064
GAME,4.4,5566805,97.0,100000000,0.0,7.9
GAME,4.4,74673,17.0,10000000,0.0,3.3
GAME,4.5,5387639,53.0,100000000,0.0,2.5
GAME,4.3,1295606,11.0,100000000,0.0,4.0
GAME,4.5,461137,60.0,10000000,0.0,1.7
GAME,4.5,946926,57.0,50000000,0.0,2.10
GAME,4.4,9305,14.0,1000000,0.0,1.9
GAME,4.5,4448791,67.0,100000000,0.0,2.347
GAME,4.2,1498648,33.0,100000000,0.0,1.0
GAME,4.5,27724094,76.0,1000000000,0.0,1.90
GAME,4.4,22428456,74.0,500000000,0.0,1.129
GAME,4.2,360630,40.0,50000000,0.0,1.2
GAME,4.5,1137267,59.0,50000000,0.0,1.4
GAME,4.5,14200344,52.0,100000000,0.0,4.0
GAME,4.5,6074334,100.0,100000000,0.0,6.0
GAME,4.3,8118937,62.0,500000000,0.0,1.49
GAME,4.1,10424925,85.0,100000000,0.0,0.111
GAME,4.8,230727,87.0,10000000,0.0,1.0
GAME,4.4,37023,33.0,10000000,0.0,5.200
GAME,4.2,422244,32.0,50000000,0.0,1.24
GAME,4.4,98123,40.0,10000000,0.0,1.7
GAME,4.7,21262,29.0,1000000,0.0,1.0
GAME,4.3,118253,40.0,10000000,0.0,1.4
GAME,4.7,141529,24.0,5000000,0.0,2.0
GAME,4.2,70226,38.0,5000000,0.0,1.2
GAME,4.3,2251012,52.0,100000000,0.0,4.17
GAME,4.1,15763,54.0,1000000,0.0,1.6
GAME,4.1,84911,71.0,10000000,0.0,2.5
GAME,4.2,46416,73.0,10000000,0.0,1.0
GAME,4.5,946926,57.0,50000000,0.0,2.10
GAME,4.7,7196,38.0,500000,0.0,1.0
GAME,4.6,48256,62.0,1000000,0.0,1.2
GAME,4.5,6427773,95.0,100000000,0.0,2.79
GAME,3.1,25825,16.0,5000000,0.0,1.3
GAME,4.1,55380,39.0,5000000,0.0,1.2
GAME,3.4,148177,78.0,10000000,0.0,1.7
GAME,4.4,3715656,36.0,50000000,0.0,0.7
GAME,4.6,101686,31.0,10000000,0.0,1.8
GAME,4.3,174755,98.0,10000000,0.0,1.1
GAME,4.6,4578476,24.0,50000000,0.0,1.4
GAME,4.2,145353,85.0,10000000,0.0,1.3
GAME,4.2,1499373,33.0,100000000,0.0,1.0
GAME,4.5,531458,100.0,5000000,0.0,3.04
GAME,4.4,3714270,36.0,50000000,0.0,0.7
GAME,4.2,195558,86.0,10000000,0.0,1.2
GAME,4.5,29940,80.0,1000000,0.0,1.1
GAME,4.8,230727,87.0,10000000,0.0,1.0
GAME,4.4,41975,79.0,1000000,0.0,3.00
GAME,4.6,216675,30.0,10000000,0.0,2.2
GAME,4.5,2311785,87.0,10000000,0.0,1.9
GAME,4.3,165888,91.0,5000000,0.0,1.4
GAME,4.6,541144,63.0,10000000,0.0,1.2
GAME,4.5,189773,95.0,5000000,0.0,1.1
GAME,4.6,337752,48.0,5000000,0.0,1.11
GAME,4.1,42079,93.0,5000000,0.0,5.6
GAME,4.5,240416,53.0,5000000,0.0,2.2
GAME,4.6,32506,82.0,1000000,0.0,1.2
GAME,4.4,70747,99.0,5000000,0.0,1.7
GAME,4.7,358817,49.0,10000000,0.0,1.2
GAME,4.6,15403,25.0,1000000,0.0,1.8
GAME,4.5,214777,91.0,5000000,0.0,3.6
GAME,4.6,100609,52.0,1000000,0.0,0.5
GAME,4.2,1343866,56.0,10000000,0.0,1.180271
GAME,4.5,168717,56.0,10000000,0.0,1.3
GAME,4.8,549720,85.0,10000000,0.0,2.1
GAME,4.1,18996,81.0,1000000,0.0,1.5
GAME,4.3,25094,82.0,1000000,0.0,1.2
GAME,4.4,93033,98.0,5000000,0.0,1.250
GAME,4.0,120592,77.0,10000000,0.0,2.0
GAME,4.2,187972,99.0,5000000,0.0,1.05
GAME,4.2,2055,96.0,100000,0.0,2.0081
GAME,4.5,73539,96.0,1000000,0.0,1.3
GAME,4.7,59017,82.0,1000000,0.0,2.2
GAME,4.2,5829,70.0,100000,0.0,1.8
GAME,4.4,18621,63.0,100000,2.99,2.1
GAME,4.6,19922,35.0,100000,1.99,2.2
GAME,4.9,21119,48.0,100000,4.99,1.0
GAME,4.4,7412,84.0,100000,4.99,1.1
GAME,4.6,10795,69.0,100000,5.99,1.2
GAME,4.2,13004,46.0,100000,6.99,1.0
GAME,4.5,38207,15.0,100000,9.99,1.0
GAME,4.6,9394,33.0,100000,4.99,1.2
GAME,4.6,337913,48.0,5000000,0.0,1.11
GAME,4.5,4449882,67.0,100000000,0.0,2.347
GAME,4.4,22429716,74.0,500000000,0.0,1.129
GAME,4.6,3883589,57.0,100000000,0.0,2.21
GAME,4.5,14200550,52.0,100000000,0.0,4.0
GAME,4.6,2719142,25.0,10000000,0.0,1.13
GAME,4.4,3716278,36.0,50000000,0.0,0.7
GAME,4.3,931595,31.0,10000000,0.0,5.39
GAME,4.3,165928,91.0,5000000,0.0,1.4
GAME,4.3,2468063,92.0,50000000,0.0,19.1
GAME,4.3,309176,70.0,5000000,0.0,1.3
GAME,4.6,807338,93.0,10000000,0.0,2.3
GAME,4.5,446434,52.0,10000000,0.0,4.6
GAME,4.5,214819,91.0,5000000,0.0,3.6
GAME,4.2,522466,37.0,10000000,0.0,12.0
GAME,4.7,584126,64.0,10000000,0.0,1.5
GAME,4.3,32551,35.0,500000,0.0,1.93
GAME,4.0,90218,97.0,1000000,0.0,1.8
GAME,4.4,212524,93.0,5000000,0.0,3.0
GAME,4.3,2045554,28.0,50000000,0.0,4.0
GAME,4.6,745684,83.0,5000000,0.0,3.0
GAME,4.7,416540,99.0,10000000,0.0,1.14
GAME,4.4,16601,55.0,500000,0.0,1.18
GAME,4.7,59017,82.0,1000000,0.0,2.2
GAME,4.4,3057481,14.0,50000000,0.0,1.76
GAME,4.3,224514,81.0,5000000,0.0,1.1
GAME,4.4,22430188,74.0,500000000,0.0,1.129
GAME,4.5,4449910,67.0,100000000,0.0,2.347
GAME,4.5,14201891,52.0,100000000,0.0,4.0
GAME,4.5,27725352,76.0,1000000000,0.0,1.90
GAME,4.4,6199095,67.0,100000000,0.0,1.118
GAME,4.3,10493,50.0,1000000,0.0,1.0
GAME,4.5,148945,46.0,10000000,0.0,1.20
GAME,4.6,23136735,97.0,100000000,0.0,2.3
GAME,4.6,44893888,98.0,100000000,0.0,10.322
GAME,4.4,7614415,70.0,100000000,0.0,5.1
GAME,4.4,4067651,69.0,100000000,0.0,2.2
GAME,4.7,295576,3.9,10000000,0.0,1.1
GAME,4.6,59907,7.8,5000000,0.0,2.9
GAME,4.5,10460,18.0,1000000,0.0,2.2
GAME,4.3,10486018,24.0,500000000,0.0,1.4
GAME,4.3,8119151,62.0,500000000,0.0,1.49
GAME,4.3,1295625,11.0,100000000,0.0,4.0
GAME,4.8,230849,87.0,10000000,0.0,1.0
GAME,4.5,9883367,99.0,100000000,0.0,3.7
GAME,4.5,3198176,82.0,100000000,0.0,2.8
GAME,4.5,10055521,94.0,100000000,0.0,1
GAME,4.6,5419676,96.0,100000000,0.0,1.751
GAME,4.7,990723,75.0,10000000,0.0,1.0
GAME,4.5,21892,14.0,1000000,0.0,1.3
GAME,4.5,1138239,59.0,50000000,0.0,1.4
GAME,4.6,9883806,74.0,100000000,0.0,5.064
GAME,4.5,197540,29.0,10000000,0.0,79.0
GAME,4.4,74695,17.0,10000000,0.0,3.3
GAME,4.4,5566889,97.0,100000000,0.0,7.9
GAME,4.6,2698882,78.0,100000000,0.0,2.8
GAME,4.4,8923818,63.0,100000000,0.0,1.37
GAME,4.7,1125438,25.0,10000000,0.0,3.9
GAME,4.6,29445,29.0,5000000,0.0,14.0
GAME,4.5,655145,72.0,10000000,0.0,1.2
GAME,4.5,5476569,53.0,100000000,0.0,1.21
GAME,4.5,27725352,76.0,1000000000,0.0,1.90
GAME,4.2,1500999,33.0,100000000,0.0,1.0
GAME,4.5,4230886,60.0,100000000,0.0,3.1
GAME,4.3,8119154,62.0,500000000,0.0,1.49
GAME,4.6,2698889,78.0,100000000,0.0,2.8
GAME,4.7,990663,75.0,10000000,0.0,1.0
GAME,4.4,2119218,70.0,50000000,0.0,3.0
GAME,4.6,1327265,99.0,50000000,0.0,1.3
GAME,4.5,184210,99.0,10000000,0.0,1.0
GAME,4.5,1242855,27.0,50000000,0.0,3.0
GAME,4.5,401425,70.0,10000000,0.0,1.6
GAME,4.6,10979062,88.0,100000000,0.0,1.9
GAME,4.6,515657,63.0,10000000,0.0,1.7
GAME,4.3,955656,82.0,10000000,0.0,5.1
GAME,4.6,337913,48.0,5000000,0.0,1.11
GAME,4.7,725897,31.0,10000000,0.0,1.8
GAME,4.5,549039,23.0,50000000,0.0,1.1
GAME,4.7,292164,59.0,10000000,0.0,1.8
GAME,4.6,520962,39.0,10000000,0.0,108
GAME,4.4,1381820,54.0,10000000,0.0,3.1
GAME,4.3,525517,48.0,10000000,0.0,1.2
GAME,4.3,194969,30.0,10000000,0.0,1.4
GAME,4.4,327599,66.0,10000000,0.0,2.4
GAME,4.2,3816799,32.0,100000000,0.0,2.2
GAME,4.3,10538,50.0,1000000,0.0,1.0
GAME,4.5,5476569,53.0,100000000,0.0,1.21
GAME,4.4,105620,61.0,1000000,0.0,0.5
GAME,4.7,37139,49.0,1000000,0.0,8
GAME,4.2,147791,38.0,5000000,0.0,1.3
GAME,4.1,347883,20.0,10000000,0.0,1.2
GAME,4.5,354373,66.0,10000000,0.0,1.2
GAME,4.1,753043,57.0,100000000,0.0,1.15
GAME,4.3,43055,95.0,5000000,0.0,2.8
GAME,4.5,559,32.0,100000,0.0,1.0
GAME,4.6,3073251,33.0,50000000,0.0,4.1
GAME,4.0,26649,66.0,5000000,0.0,1.2
GAME,4.3,2151039,75.0,50000000,0.0,2.6
GAME,4.5,306764,29.0,10000000,0.0,6.2
GAME,4.4,22430188,74.0,500000000,0.0,1.129
GAME,4.4,4067651,69.0,100000000,0.0,2.2
GAME,4.6,59907,7.8,5000000,0.0,2.9
GAME,4.2,1500622,33.0,100000000,0.0,1.0
GAME,4.5,14201604,52.0,100000000,0.0,4.0
GAME,4.6,280098,50.0,10000000,0.0,2.11
GAME,4.5,148990,46.0,10000000,0.0,1.20
GAME,4.5,26985,41.0,5000000,0.0,1.9
GAME,4.5,1125438,63.0,10000000,0.0,57.0
GAME,4.5,5387781,53.0,100000000,0.0,2.5
GAME,4.4,8923847,63.0,100000000,0.0,1.37
GAME,4.6,1327269,99.0,50000000,0.0,1.3
GAME,4.4,42145,20.0,10000000,0.0,2.9
GAME,4.3,1295625,11.0,100000000,0.0,4.0
GAME,4.7,990796,75.0,10000000,0.0,1.0
GAME,4.7,171448,13.0,10000000,0.0,1.0
GAME,4.4,2610680,46.0,100000000,0.0,2.6
GAME,4.3,1300619,78.0,50000000,0.0,2.1
GAME,4.4,2123793,49.0,100000000,0.0,3.7
GAME,4.5,21892,14.0,1000000,0.0,1.3
GAME,4.5,6074627,100.0,100000000,0.0,6.0
GAME,4.4,5566908,97.0,100000000,0.0,7.9
GAME,4.4,47644,15.0,5000000,0.0,2.4
GAME,4.6,125647,33.0,10000000,0.0,60
GAME,4.4,2119235,70.0,50000000,0.0,3.0
GAME,4.6,214878,10.0,10000000,0.0,2.0
GAME,4.6,811040,77.0,10000000,0.0,1.7
GAME,4.2,17044,4.9,5000000,0.0,2.9
GAME,4.7,1125566,25.0,10000000,0.0,3.9
GAME,4.6,5419676,96.0,100000000,0.0,1.751
GAME,4.3,34494,23.0,5000000,0.0,2.5
GAME,4.6,260651,51.0,10000000,0.0,1.1
GAME,4.4,4638163,96.0,100000000,0.0,1.10
GAME,4.4,7614407,70.0,100000000,0.0,5.1
GAME,4.3,234110,38.0,50000000,0.0,1.0
GAME,4.7,48615,24.0,10000000,0.0,1.4
FAMILY,4.4,42145,20.0,10000000,0.0,2.9
FAMILY,4.5,4449910,67.0,100000000,0.0,2.347
FAMILY,4.4,14774,19.0,1000000,0.0,1.9
FAMILY,4.4,12753,51.0,5000000,0.0,1.49
FAMILY,4.5,33983,22.0,5000000,0.0,1.24
FAMILY,4.6,20267,46.0,1000000,0.0,1.1
FAMILY,4.5,5761,21.0,1000000,0.0,1.8
FAMILY,4.3,11618,39.0,5000000,0.0,2.4
FAMILY,4.7,12948,23.0,1000000,0.0,2.0
FAMILY,4.4,685,26.0,100000,0.0,1.7
FAMILY,4.5,9779,39.0,5000000,0.0,1.2
FAMILY,4.2,369378,24.0,50000000,0.0,1.5
FAMILY,4.5,11436,15.0,1000000,0.0,2.2
FAMILY,4.5,2150,20.0,500000,0.0,1.0
FAMILY,4.7,48615,24.0,10000000,0.0,1.4
FAMILY,4.4,382,44.0,500000,0.0,1.1
FAMILY,4.3,24936,38.0,5000000,0.0,3.1
FAMILY,4.6,1109,52.0,1000000,0.0,1.0
FAMILY,3.9,974,14.0,500000,0.0,2.0
FAMILY,4.2,108795,49.0,10000000,0.0,8.25
FAMILY,4.5,1455,8.9,500000,0.0,2.7
FAMILY,4.5,1014822,56.0,50000000,0.0,1.2
FAMILY,4.4,86961,99.0,10000000,0.0,2.0
FAMILY,4.4,7320,10.0,1000000,0.0,1.0
FAMILY,4.4,59843,20.0,5000000,0.0,2.3
FAMILY,4.4,18616,10.0,1000000,0.0,1.0
FAMILY,4.3,11950,19.0,5000000,0.0,6.1
FAMILY,4.6,4289,33.0,500000,0.0,3.5
FAMILY,4.1,68286,85.0,10000000,0.0,1.3
FAMILY,4.5,11716,48.0,1000000,0.0,8.4
FAMILY,4.5,3323,9.6,1000000,0.0,1.0
FAMILY,4.0,328619,15.0,10000000,0.0,2.2
FAMILY,4.6,46741,50.0,10000000,0.0,1.73
FAMILY,4.5,530854,51.0,10000000,0.0,1.4
FAMILY,4.5,7050,24.0,1000000,0.0,2.0
FAMILY,4.5,235906,13.0,10000000,0.0,1.2
FAMILY,4.4,17753,16.0,1000000,0.0,2.2
FAMILY,4.5,432,63.0,100000,0.0,1.0
FAMILY,4.2,32029,15.0,5000000,0.0,1.2
FAMILY,4.3,4207,26.0,100000,0.0,2.180723
FAMILY,4.5,64,81.0,10000,0.0,1.1
FAMILY,4.2,96,79.0,5000,3.99,1.0
FAMILY,4.4,496,94.0,100000,0.0,1.0
FAMILY,4.6,20267,46.0,1000000,0.0,1.1
FAMILY,4.6,29436,43.0,1000000,0.0,2.0
FAMILY,4.5,19230,45.0,5000000,0.0,8.25
FAMILY,4.2,11126,91.0,1000000,0.0,1.6
FAMILY,4.5,23671,91.0,1000000,0.0,1.2
FAMILY,4.6,9652,53.0,1000000,0.0,2.0
FAMILY,4.6,9626,28.0,1000000,0.0,1.1
FAMILY,4.1,29319,26.0,5000000,0.0,2.4
FAMILY,4.5,1791,56.0,500000,0.0,5.3
FAMILY,4.6,9199,80.0,500000,0.0,1.2
FAMILY,4.6,14014,60.0,1000000,0.0,7.32
FAMILY,4.3,160,67.0,50000,0.0,3.4
FAMILY,3.8,10366,78.0,1000000,0.0,1.2
FAMILY,4.5,47644,27.0,1000000,0.0,10.180530
FAMILY,4.8,12137,63.0,100000,0.0,149
FAMILY,3.9,237,26.0,100000,0.0,1.7
FAMILY,4.5,6404,46.0,500000,0.0,1.8
FAMILY,4.4,6356,83.0,500000,0.0,1.180702
FAMILY,4.3,169,60.0,5000,2.99,1.08
FAMILY,4.2,8,44.0,1000,3.99,1.1
FAMILY,3.0,2,82.0,500,2.99,1.5
FAMILY,4.5,4450855,67.0,100000000,0.0,2.347
FAMILY,4.4,86961,99.0,10000000,0.0,2.0
FAMILY,4.7,48701,24.0,10000000,0.0,1.4
FAMILY,4.1,15246,78.0,1000000,0.0,3.2
FAMILY,4.5,530904,51.0,10000000,0.0,1.4
FAMILY,4.6,106750,94.0,1000000,0.0,1.221
FAMILY,4.3,33785,16.0,5000000,0.0,1.3
FAMILY,4.3,4207,93.0,500000,0.0,1.1
FAMILY,4.5,58795,77.0,10000000,0.0,1.6
FAMILY,4.2,3235,32.0,1000000,0.0,8.25
FAMILY,4.2,47031,58.0,1000000,0.0,3.2
FAMILY,4.4,131,48.0,100000,0.0,1.1
FAMILY,4.5,114,69.0,50000,0.0,1.4
FAMILY,4.1,673203,73.0,50000000,0.0,6.7
FAMILY,4.2,2178,99.0,500000,0.0,1.0
FAMILY,4.1,175625,16.0,10000000,0.0,1.4
FAMILY,4.7,8508,54.0,500000,0.0,1.1
FAMILY,4.3,3484,56.0,1000000,0.0,1.0
FAMILY,4.4,379415,68.0,10000000,0.0,1.28
FAMILY,4.4,19245,25.0,1000000,0.0,1.3
FAMILY,,65,7.0,100000,0.0,1.0
FAMILY,4.3,24877,54.0,5000000,0.0,2.1
FAMILY,4.4,765,51.0,1000000,0.0,1.0
FAMILY,4.3,525552,48.0,10000000,0.0,1.2
FAMILY,4.2,3762,44.0,1000000,0.0,1.47
FAMILY,4.2,141363,8.7,10000000,0.0,1.20
FAMILY,4.3,472584,91.0,10000000,0.0,3.2
FAMILY,4.3,1329192,97.0,50000000,0.0,2.1
FAMILY,4.1,148295,26.0,10000000,0.0,1.6
FAMILY,4.2,41273,16.0,5000000,0.0,1.5
FAMILY,4.3,392596,53.0,10000000,0.0,37893
FAMILY,4.3,43060,95.0,5000000,0.0,2.8
FAMILY,4.5,514088,83.0,10000000,0.0,3.200
FAMILY,4.1,41867,78.0,1000000,0.0,1.4
FAMILY,4.5,1014846,56.0,50000000,0.0,1.2
FAMILY,4.2,23060,21.0,1000000,0.0,1.19
FAMILY,4.4,112080,26.0,10000000,0.0,1.24
FAMILY,4.0,15489,60.0,1000000,0.0,2.4
FAMILY,4.1,51895,22.0,10000000,0.0,18.1
FAMILY,4.3,43060,95.0,5000000,0.0,2.8
FAMILY,4.3,525552,48.0,10000000,0.0,1.2
FAMILY,4.4,623398,58.0,10000000,0.0,1.22
FAMILY,4.3,472584,91.0,10000000,0.0,3.2
FAMILY,4.1,66661,22.0,5000000,0.0,5.2
FAMILY,4.0,10447,36.0,1000000,0.0,1.0
FAMILY,4.3,1574197,37.0,50000000,0.0,6.7
FAMILY,4.6,19170,70.0,1000000,0.0,1.4
FAMILY,4.3,169609,34.0,10000000,0.0,3.6
FAMILY,4.7,6188,49.0,500000,0.0,1.6
FAMILY,4.3,1369,9.8,500000,0.0,1.0
FAMILY,4.4,2952,37.0,500000,0.0,1.2
FAMILY,4.7,9856,55.0,100000,0.0,1.1
FAMILY,3.9,10753,84.0,1000000,0.0,2.5
FAMILY,4.1,154,16.0,10000,0.0,2.0
FAMILY,4.1,288523,92.0,10000000,0.0,2.7
FAMILY,4.1,4522,57.0,500000,0.0,2.19
FAMILY,4.7,31100,24.0,500000,3.99,1.5
FAMILY,4.3,560,44.0,10000,3.99,2.0
FAMILY,4.5,197,11.0,1000,2.99,4.0
FAMILY,4.3,63186,16.0,10000000,0.0,7.5
FAMILY,4.3,23772,17.0,5000000,0.0,1.15
FAMILY,4.1,6007,18.0,1000000,0.0,1.6
FAMILY,4.1,2903,16.0,1000000,0.0,5.2
FAMILY,4.1,3617,19.0,1000000,0.0,4.0
FAMILY,4.6,3063,1.6,100000,0.0,2.9
FAMILY,4.1,3234,47.0,100000,0.0,2.2
FAMILY,4.4,276,16.0,50000,0.0,1.2
FAMILY,4.4,1595,14.0,500000,0.0,2.8
FAMILY,4.0,68559,75.0,5000000,0.0,1.19
FAMILY,4.8,61,25.0,1000,0.0,0.1
FAMILY,3.8,1123,5.7,100000,0.0,4.2
FAMILY,4.5,566,17.0,50000,0.0,20180609
FAMILY,4.8,97,3.5,1000,2.99,2.4
FAMILY,4.4,38,16.0,100,0.99,20180609
FAMILY,4.8,4,42.0,100,0.99,1.1
FAMILY,4.2,38,47.0,1000,0.99,1.2
FAMILY,4.2,214,67.0,5000,4.99,3.3
FAMILY,4.0,248,26.0,5000,2.99,1.6
FAMILY,4.7,185,72.0,1000,4.99,1.16
FAMILY,4.7,2195,37.0,10000,2.99,1.3
FAMILY,3.9,1615,1.2,10000,4.99,1.0
FAMILY,4.5,359,17.0,5000,4.99,2.0
FAMILY,4.1,38021,19.0,10000000,0.0,18.2
FAMILY,4.4,6190,23.0,1000000,0.0,1.7
FAMILY,3.9,6903,25.0,1000000,0.0,2.0
FAMILY,4.4,13155,83.0,1000000,0.0,1.3
FAMILY,4.4,496,94.0,100000,0.0,1.0
FAMILY,3.6,418,97.0,100000,0.0,1.0
FAMILY,4.4,1160,37.0,100000,0.0,1.0
FAMILY,4.1,59917,92.0,5000000,0.0,2.3
FAMILY,3.6,1042,48.0,100000,0.0,2.5
FAMILY,4.6,73,12.0,1000,2.99,1.7
FAMILY,4.3,382,15.0,10000,2.99,2.6
FAMILY,4.5,253,83.0,10000,3.99,1.1
FAMILY,4.4,3396,9.5,50000,3.99,1.8
FAMILY,4.1,38021,19.0,10000000,0.0,18.2
FAMILY,4.4,6190,23.0,1000000,0.0,1.7
FAMILY,3.9,6903,25.0,1000000,0.0,2.0
FAMILY,4.4,13155,83.0,1000000,0.0,1.3
FAMILY,4.4,496,94.0,100000,0.0,1.0
FAMILY,3.6,418,97.0,100000,0.0,1.0
FAMILY,4.4,1160,37.0,100000,0.0,1.0
FAMILY,4.1,59917,92.0,5000000,0.0,2.3
FAMILY,3.6,1042,48.0,100000,0.0,2.5
FAMILY,4.6,73,12.0,1000,2.99,1.7
FAMILY,4.3,382,15.0,10000,2.99,2.6
FAMILY,4.5,253,83.0,10000,3.99,1.1
FAMILY,4.4,3396,9.5,50000,3.99,1.8
FAMILY,4.5,4450890,67.0,100000000,0.0,2.347
FAMILY,3.9,133117,63.0,5000000,0.0,2.6
FAMILY,4.2,108795,49.0,10000000,0.0,8.25
FAMILY,4.1,47213,14.0,5000000,0.0,1.8
FAMILY,3.9,95537,58.0,10000000,0.0,2.2
FAMILY,4.1,66660,22.0,5000000,0.0,5.2
FAMILY,4.2,51838,15.0,5000000,0.0,1.6
FAMILY,3.8,36028,50.0,5000000,0.0,1.3
FAMILY,4.3,528745,59.0,10000000,0.0,1.38
FAMILY,4.3,169609,34.0,10000000,0.0,3.6
FAMILY,3.9,44062,54.0,1000000,0.0,1.3
FAMILY,4.3,392596,53.0,10000000,0.0,37893
FAMILY,4.3,1574204,37.0,50000000,0.0,6.7
FAMILY,4.2,123322,25.0,10000000,0.0,2.0
FAMILY,4.1,29319,26.0,5000000,0.0,2.4
FAMILY,4.0,8126,61.0,1000000,0.0,1.1
FAMILY,4.4,623398,58.0,10000000,0.0,1.22
FAMILY,4.3,50887,91.0,5000000,0.0,7.2
FAMILY,4.3,63160,17.0,1000000,0.0,1.0
FAMILY,4.4,13155,83.0,1000000,0.0,1.3
FAMILY,4.2,28737,17.0,1000000,0.0,1.0
FAMILY,4.3,45579,64.0,1000000,0.0,1.1
FAMILY,4.2,19720,41.0,1000000,0.0,1.35
FAMILY,4.6,361970,58.0,5000000,0.0,28.0
FAMILY,4.1,159619,23.0,5000000,0.0,6.14
FAMILY,4.5,354384,71.0,10000000,0.0,6.4
FAMILY,4.3,129603,23.0,1000000,2.99,1.11
MEDICAL,4.2,1135,12.0,100000,9.0,2.0
MEDICAL,4.4,578,0.704,10000,0.99,7.0
MEDICAL,4.6,129,2.9,10000,5.49,3.0
MEDICAL,4.5,63,25.0,10000,9.99,2.1
MEDICAL,4.5,171,20.0,10000,10.0,1.8
MEDICAL,3.2,45,21.0,5000,3.99,2.0
MEDICAL,4.6,717,5.4,5000,5.99,6.5
MEDICAL,4.5,2921,25.0,100000,24.99,2018.5
MEDICAL,4.1,1533,42.0,50000,11.99,1.1
MEDICAL,4.6,92,32.0,1000,79.99,19.0
MEDICAL,4.5,199,1.8,10000,11.99,3.0
MEDICAL,4.4,1361,33.0,50000,2.99,2.4
MEDICAL,4.4,12,3.8,1000,16.99,1.0
MEDICAL,4.4,15,5.8,1000,3.99,2.1
MEDICAL,3.8,206,9.5,10000,2.99,1.17
MEDICAL,4.6,395,19.0,1000,9.99,6.5
MEDICAL,4.0,15,5.0,1000,14.99,7.6
MEDICAL,5.0,3,23.0,100,2.99,1.0
MEDICAL,4.3,35,0.862,5000,3.99,1.1
MEDICAL,3.4,77,9.9,5000,2.99,1.6
MEDICAL,,3,24.0,500,1.0,1.0
MEDICAL,3.4,51,2.4,1000,29.99,2.0
MEDICAL,4.3,214,0.899,10000,2.99,2.5
MEDICAL,4.4,104,38.0,1000,2.99,3.2
MEDICAL,4.4,8,6.5,100,12.99,7
MEDICAL,4.2,45,14.0,1000,4.99,6.0
MEDICAL,5.0,2,1.2,500,2.99,1.0
MEDICAL,4.1,80,48.0,5000,14.99,1.0
MEDICAL,3.9,10,0.378,1000,5.99,1.0
MEDICAL,4.6,156,22.0,500,3.49,1.10
MEDICAL,4.2,178,4.8,1000,0.99,4.1
MEDICAL,4.2,168,25.0,10000,24.99,7.1
MEDICAL,3.6,25,0.266,1000,10.99,1.2
MEDICAL,4.5,163,0.375,10000,1.99,3.4
MEDICAL,,3,62.0,100,24.99,1.2
MEDICAL,4.7,25,1.2,1000,4.99,3.1
MEDICAL,4.5,133,2.8,10000,2.99,3.0
MEDICAL,4.2,9,95.0,1000,7.49,1.0
MEDICAL,4.2,74,2.6,1000,1.5,1.0
MEDICAL,4.3,3,4.6,100,2.99,1.50
MEDICAL,4.1,12,5.1,1000,1.99,1.2
MEDICAL,4.4,17,1.8,1000,9.99,2.0
MEDICAL,4.2,33,53.0,1000,3.99,2.29
MEDICAL,4.5,492,39.0,10000,7.99,4.4
MEDICAL,,0,5.3,50,14.99,1.0
MEDICAL,2.6,41,14.0,1000,9.99,1.3
MEDICAL,4.6,625,8.4,10000,3.99,2.1
MEDICAL,4.8,12,18.0,1000,19.99,6.0
MEDICAL,4.2,64,41.0,1000,29.99,2.1
MEDICAL,4.7,11,100.0,500,15.99,1.2
MEDICAL,3.0,4,3.4,500,0.99,1.0
MEDICAL,3.5,214,68.0,1000,33.99,2.1
MEDICAL,4.6,66,2.6,5000,0.99,4.1
MEDICAL,4.8,59158,11.0,1000000,0.0,5.4
MEDICAL,4.6,73118,37.0,1000000,0.0,3.3
MEDICAL,4.8,102858,9.8,1000000,0.0,2.2
MEDICAL,4.0,2094,23.0,500000,0.0,3.19
MEDICAL,3.7,236,18.0,50000,0.0,1.1
MEDICAL,4.2,33033,7.4,5000000,0.0,3.27
MEDICAL,4.8,78825,11.0,1000000,0.0,1.2
MEDICAL,3.5,250,23.0,100000,0.0,1.2
MEDICAL,3.9,6266,34.0,500000,0.0,3.5
MEDICAL,2.7,2657,24.0,500000,0.0,8.0
MEDICAL,4.2,4476,20.0,500000,0.0,1.6
MEDICAL,4.7,156410,14.0,5000000,0.0,5.9
MEDICAL,4.6,2006,69.0,50000,0.0,6.02
MEDICAL,4.5,6099,38.0,500000,0.0,3.18
MEDICAL,4.7,23160,26.0,1000000,0.0,7.4
MEDICAL,4.7,8348,2.6,500000,0.0,1.4
MEDICAL,4.5,7837,21.0,100000,0.0,2.4
MEDICAL,4.7,6185,38.0,100000,0.0,1.2
MEDICAL,4.0,3803,16.0,100000,0.0,2.17
MEDICAL,3.4,1838,21.0,100000,0.0,2.11
MEDICAL,3.5,3707,10.0,500000,0.0,4.36
MEDICAL,3.0,315,22.0,100000,0.0,1.0
MEDICAL,4.7,87418,14.0,1000000,0.0,2.25
MEDICAL,4.6,21189,36.0,1000000,0.0,3.52
MEDICAL,4.2,1746,16.0,50000,0.0,2.1
MEDICAL,4.8,69126,61.0,1000000,0.0,2.6
MEDICAL,4.5,453,11.0,100000,0.0,1.1
MEDICAL,4.2,10710,8.5,100000,0.0,2.15
MEDICAL,3.8,700,37.0,100000,0.0,3.3
MEDICAL,4.5,503,22.0,50000,0.0,3.2
MEDICAL,4.0,488,17.0,100000,0.0,3.8
MEDICAL,3.6,190,7.7,100000,0.0,2.4
MEDICAL,4.4,15,39.0,1000,0.0,1.16
MEDICAL,4.7,26862,30.0,500000,0.0,25.3
MEDICAL,4.9,100082,3.7,1000000,0.0,1.2
MEDICAL,3.6,27,28.0,10000,0.0,1.0
MEDICAL,4.5,72167,16.0,1000000,0.0,2.0
MEDICAL,4.1,21,20.0,1000,0.0,1.1
MEDICAL,4.6,6035,8.9,100000,0.0,1.2
MEDICAL,4.7,9945,97.0,500000,0.0,5.11
MEDICAL,4.7,4318,12.0,100000,0.0,1.3
MEDICAL,2.8,78,72.0,50000,0.0,2.2
MEDICAL,4.6,47,21.0,10000,0.0,1.7
MEDICAL,3.4,650,27.0,100000,0.0,4.23
MEDICAL,,7,5.7,5000,0.0,3.0
MEDICAL,4.0,3498,6.6,100000,0.0,1.7
MEDICAL,4.8,3052,12.0,100000,0.0,3.8
MEDICAL,4.2,1747,5.9,100000,0.0,1.2
MEDICAL,3.0,45,20.0,5000,0.0,1.2
MEDICAL,4.5,1686,15.0,100000,0.0,2.9
MEDICAL,3.7,529,26.0,100000,0.0,4.4
MEDICAL,4.5,1388,3.3,100000,0.0,2.1
MEDICAL,4.5,572,44.0,50000,0.0,4.3
MEDICAL,4.6,92,32.0,1000,79.99,19.0
MEDICAL,4.2,1135,12.0,100000,9.0,2.0
MEDICAL,4.6,21189,36.0,1000000,0.0,3.52
MEDICAL,3.6,54,17.0,5000,0.0,2.6
MEDICAL,4.4,275,5.8,10000,0.0,3.16
MEDICAL,4.4,2159,11.0,10000,0.0,4.5
MEDICAL,4.5,2951,16.0,50000,0.0,4.5
MEDICAL,4.5,2921,25.0,100000,24.99,2018.5
MEDICAL,4.1,84,6.1,10000,0.0,2.7
MEDICAL,4.3,5521,22.0,100000,0.0,4.9
MEDICAL,4.3,2108,28.0,50000,0.0,4.5
MEDICAL,4.7,73,6.3,10000,0.0,2.7
MEDICAL,4.5,63,25.0,10000,9.99,2.1
MEDICAL,4.5,408,60.0,50000,0.0,2.1
MEDICAL,4.5,171,20.0,10000,10.0,1.8
MEDICAL,4.2,33,8.0,10000,0.0,2.6
MEDICAL,4.4,197,20.0,10000,0.0,3.5
MEDICAL,3.9,272,6.4,50000,0.0,2.7
MEDICAL,4.2,4852,34.0,100000,0.0,1.3
MEDICAL,4.4,12,3.8,1000,16.99,1.0
MEDICAL,4.1,1533,42.0,50000,11.99,1.1
MEDICAL,3.4,51,2.4,1000,29.99,2.0
MEDICAL,4.1,38,70.0,5000,0.0,2.1
MEDICAL,4.0,15,5.0,1000,14.99,7.6
MEDICAL,,10,28.0,1000,74.99,3.1
MEDICAL,4.1,90,21.0,1000,0.0,1.0
MEDICAL,3.5,1288,38.0,100000,0.0,1.0
MEDICAL,4.0,1545,74.0,100000,0.0,4.8
MEDICAL,4.5,199,1.8,10000,11.99,3.0
MEDICAL,4.3,283,12.0,5000,0.0,4.5
MEDICAL,4.3,460,13.0,10000,0.0,4.5
MEDICAL,4.6,129,2.9,10000,5.49,3.0
MEDICAL,4.1,80,48.0,5000,14.99,1.0
MEDICAL,4.6,395,19.0,1000,9.99,6.5
MEDICAL,3.5,214,68.0,1000,33.99,2.1
MEDICAL,2.3,17,6.8,1000,0.0,2.6
MEDICAL,4.5,513,12.0,5000,0.0,4.5
MEDICAL,4.3,168,5.8,10000,0.0,2.7
MEDICAL,4.2,64,41.0,1000,29.99,2.1
MEDICAL,4.2,168,25.0,10000,24.99,7.1
MEDICAL,3.1,82,42.0,5000,0.0,1.6
MEDICAL,4.4,8,6.5,100,12.99,7
MEDICAL,4.4,112,13.0,1000,0.0,4.5
MEDICAL,2.9,92,1.5,10000,0.0,3.1
MEDICAL,3.1,83,3.2,10000,0.0,6.6
MEDICAL,3.7,3,7.7,5000,0.0,2.7
MEDICAL,4.0,6,1.3,100,39.99,3.0
MEDICAL,3.8,343,26.0,50000,0.0,3.3
MEDICAL,4.6,717,5.4,5000,5.99,6.5
MEDICAL,4.4,137,11.0,1000,0.0,4.5
MEDICAL,3.8,206,9.5,10000,2.99,1.17
MEDICAL,,3,62.0,100,24.99,1.2
MEDICAL,4.8,12,18.0,1000,19.99,6.0
MEDICAL,,0,3.1,1,2.99,1.0
MEDICAL,,2,1.8,50,0.99,1.1
MEDICAL,,0,66.0,10,5.99,1.0
MEDICAL,,0,5.0,1,0.99,1.0
MEDICAL,3.7,9,2.9,500,0.0,1.1
MEDICAL,5.0,3,22.0,100,0.0,3.0
MEDICAL,3.0,2,16.0,500,0.0,1.2
MEDICAL,3.7,20,19.0,1000,0.0,1.830
MEDICAL,,0,40.0,50,0.0,10.4
MEDICAL,,6,23.0,100,0.0,1.3
MEDICAL,,2,15.0,100,0.0,1.2
MEDICAL,,0,29.0,10,0.0,300000.1
MEDICAL,,0,16.0,10,0.0,1.0
MEDICAL,,0,65.0,100,0.0,2.0
MEDICAL,,0,29.0,100,0.0,300000.1
MEDICAL,,0,20.0,10,0.0,1.8
MEDICAL,,0,3.8,100,0.0,3.1
MEDICAL,,0,19.0,50,0.0,1.0
MEDICAL,,0,25.0,10,0.0,2.0
MEDICAL,,0,5.1,100,0.0,1.0
MEDICAL,,25,16.0,1000,0.0,1.1
MEDICAL,,0,1.5,10,0.0,1.0
MEDICAL,3.7,3,10.0,100,0.0,1.5
MEDICAL,5.0,1,22.0,10,0.0,1.2
MEDICAL,,1,3.6,500,0.0,1.0
MEDICAL,,2,20.0,50,0.0,2.01
MEDICAL,5.0,3,20.0,100,0.0,1.0
MEDICAL,,0,13.0,10,0.0,1.2
MEDICAL,5.0,4,2.5,5,0.0,1.0
MEDICAL,,0,3.6,10,0.0,1.0
MEDICAL,5.0,2,24.0,50,0.0,1.0
MEDICAL,,0,10.0,10,0.0,1.0
MEDICAL,5.0,4,25.0,1,0.0,1.0
MEDICAL,5.0,2,29.0,50,0.0,300000.1
MEDICAL,,3,17.0,100,0.0,2.0
MEDICAL,5.0,3,53.0,10,0.0,0.1
MEDICAL,5.0,2,83.0,10,0.0,1.0
MEDICAL,5.0,1,4.6,5,0.0,2.0
MEDICAL,,0,4.6,10,0.0,1.0
MEDICAL,,0,28.0,10,0.0,300000.1
MEDICAL,,0,29.0,1,0.0,300000.1
MEDICAL,4.3,10,46.0,100,0.0,5.0
MEDICAL,4.9,28,5.7,5000,0.0,1.0
MEDICAL,,0,1.4,5,0.0,1.0
MEDICAL,,1,12.0,10,0.0,1.0
MEDICAL,,5,2.2,10,0.0,1.0
MEDICAL,,0,27.0,10,0.0,1.1
MEDICAL,,0,18.0,5,0.0,1.0
MEDICAL,,0,30.0,50,0.0,1
MEDICAL,,0,3.5,1,0.0,1.2
MEDICAL,5.0,1,4.2,10,0.0,1.0
MEDICAL,,0,6.9,50,0.0,3.0
MEDICAL,,0,6.6,5,0.0,1.2
MEDICAL,4.9,14,7.0,100,0.0,1.0
MEDICAL,4.6,5,11.0,100,0.0,1.0
MEDICAL,5.0,1,5.6,10,0.0,1.0
MEDICAL,,1,29.0,5,0.0,300000.1
MEDICAL,,0,3.3,100,0.0,1.0
MEDICAL,,0,20.0,10,0.0,1.0
MEDICAL,,0,7.0,100,0.0,1.0
MEDICAL,4.0,1,3.3,10,0.0,0.1
MEDICAL,,0,29.0,5,0.0,300000.1
MEDICAL,5.0,2,7.1,5,0.0,1.0
MEDICAL,4.0,2094,23.0,500000,0.0,3.19
MEDICAL,2.6,496,24.0,100000,0.0,8.0
MEDICAL,4.7,87418,14.0,1000000,0.0,2.25
MEDICAL,4.3,44,34.0,10000,0.0,3.4
MEDICAL,4.7,10,4.3,1000,0.0,1.0
MEDICAL,2.5,124,43.0,10000,0.0,3.0
MEDICAL,4.6,2014,69.0,50000,0.0,6.02
MEDICAL,4.5,503,22.0,50000,0.0,3.2
MEDICAL,4.1,21,20.0,1000,0.0,1.1
MEDICAL,4.5,11,25.0,1000,0.0,1.0
MEDICAL,4.3,573,2.0,100000,0.0,3.1
MEDICAL,,0,40.0,50,0.0,10.4
MEDICAL,3.8,700,37.0,100000,0.0,3.3
MEDICAL,4.4,163,40.0,10000,0.0,10.4
MEDICAL,,7,5.7,5000,0.0,3.0
MEDICAL,,44,4.0,10000,0.0,1.0
MEDICAL,4.5,330,17.0,50000,0.0,1.12
MEDICAL,4.5,453,11.0,100000,0.0,1.1
MEDICAL,3.8,24,4.4,1000,0.0,5.51
MEDICAL,4.5,1686,15.0,100000,0.0,2.9
MEDICAL,4.0,531,2.3,100000,0.0,1.0
MEDICAL,4.5,20,40.0,5000,0.0,10.4
MEDICAL,3.7,3596,8.4,1000000,0.0,4.0
MEDICAL,4.3,56,11.0,10000,0.0,3.0
MEDICAL,3.7,9,2.9,500,0.0,1.1
MEDICAL,,10,2.4,1000,0.0,1.0
MEDICAL,4.4,27,15.0,5000,0.0,2.5
MEDICAL,3.8,63,24.0,10000,0.0,2.3
MEDICAL,,0,29.0,10,0.0,300000.1
MEDICAL,2.7,2657,24.0,500000,0.0,8.0
MEDICAL,5.0,3,22.0,100,0.0,3.0
MEDICAL,4.3,123,86.0,10000,0.0,0.6
MEDICAL,3.0,315,22.0,100000,0.0,1.0
MEDICAL,5.0,2,11.0,100,0.0,1.0
MEDICAL,3.6,26,0.975,5000,0.0,1.1
MEDICAL,4.0,122,0.98,10000,0.0,1.4
MEDICAL,4.3,17,6.0,10000,0.0,1.0
MEDICAL,4.7,623,20.0,50000,0.0,4.0
MEDICAL,5.0,6,26.0,1000,0.0,1.0
MEDICAL,4.7,6,13.0,1000,0.0,1.3
MEDICAL,,6,23.0,100,0.0,1.3
MEDICAL,4.6,7,2.7,1000,0.0,43.0
MEDICAL,3.1,253,4.2,50000,0.0,1.3
MEDICAL,4.4,3786,28.0,50000,0.0,4.4
MEDICAL,5.0,1,6.1,100,0.0,2.3
MEDICAL,3.6,10,15.0,1000,0.0,0.0
MEDICAL,2.8,66,1.2,50000,0.0,1.0
MEDICAL,4.4,65,37.0,10000,0.0,10.4
MEDICAL,4.2,1747,5.9,100000,0.0,1.2
MEDICAL,4.6,17,14.0,1000,0.0,1.9
MEDICAL,4.2,28,2.3,10000,0.0,1.0
MEDICAL,,1,32.0,500,0.0,1.0
MEDICAL,3.8,292,2.7,100000,0.0,43.0
MEDICAL,3.5,19,2.2,5000,0.0,1.4
MEDICAL,4.7,23160,26.0,1000000,0.0,7.4
SOCIAL,4.4,49173,4.0,10000000,0.0,1.24
SOCIAL,4.2,22492,1.5,1000000,0.0,2.4
SOCIAL,4.3,1403,3.7,100000,0.0,1.0
SOCIAL,4.4,4919,2.8,1000000,0.0,0.1
SOCIAL,4.4,13762,3.9,1000000,0.0,1.0
SOCIAL,4.3,6086,3.1,1000000,0.0,1.0
SOCIAL,4.4,1200,2.8,100000,0.0,0.1
SOCIAL,4.5,76480,20.0,1000000,0.0,4.95
SOCIAL,4.6,271445,9.9,5000000,0.0,4.1
SOCIAL,4.6,225103,5.3,5000000,0.0,5.1
SOCIAL,4.6,33177,10.0,1000000,0.0,2.1
SOCIAL,4.4,54768,2.6,5000000,0.0,3.6
SOCIAL,4.5,25562,31.0,5000000,0.0,2.6
SOCIAL,4.3,16404,2.3,1000000,0.0,1.6
SOCIAL,4.4,2508,6.0,500000,0.0,2.0
SOCIAL,4.6,79658,17.0,5000000,0.0,2.1
SOCIAL,4.3,374,20.0,50000,0.0,4.6
SOCIAL,4.8,1259075,62.0,10000000,0.0,1.8
SOCIAL,4.6,60562,15.0,5000000,0.0,1.3
SOCIAL,4.6,22098,18.0,1000000,0.0,4.2
SOCIAL,4.3,231325,5.4,10000000,0.0,4.81
SOCIAL,3.6,13223,2.8,10000000,0.0,8.00
SOCIAL,4.0,479908,15.0,10000000,0.0,1.23
SOCIAL,4.4,540930,5.3,10000000,0.0,50.2
SOCIAL,4.5,19583,37.0,1000000,0.0,5.2
SOCIAL,4.2,79129,23.0,5000000,0.0,3.10
SOCIAL,4.1,382120,28.0,10000000,0.0,7.3
SOCIAL,4.5,412725,35.0,10000000,0.0,3.8
SOCIAL,4.3,1157004,34.0,50000000,0.0,4.2
SOCIAL,3.7,138026,2.7,5000000,0.0,2.1
SOCIAL,3.7,4253,4.1,100000,0.0,7.0
SOCIAL,4.1,309872,85.0,10000000,0.0,14.0
SOCIAL,4.0,479909,15.0,10000000,0.0,1.23
SOCIAL,4.1,17955,89.0,500000,0.0,7.23
SOCIAL,4.3,51502,20.0,5000000,0.0,2.69
SOCIAL,4.2,58341,9.3,1000000,0.0,4.6
SOCIAL,4.3,1157003,34.0,50000000,0.0,4.2
SOCIAL,4.1,161610,16.0,5000000,0.0,4.5
SOCIAL,4.0,33249,8.4,1000000,0.0,1.8
SOCIAL,4.3,51504,20.0,5000000,0.0,2.69
SOCIAL,4.0,852455,68.0,10000000,0.0,27.0
SOCIAL,4.4,900064,13.0,10000000,0.0,4.17
SOCIAL,4.0,3677,50.0,100000,0.0,10.6
SOCIAL,4.2,79129,23.0,5000000,0.0,3.10
SOCIAL,4.1,382121,28.0,10000000,0.0,7.3
SOCIAL,4.0,2052,7.0,100000,0.0,2.16
SOCIAL,4.2,79130,23.0,5000000,0.0,3.10
SOCIAL,4.0,852455,68.0,10000000,0.0,27.0
SOCIAL,4.4,900064,13.0,10000000,0.0,4.17
SOCIAL,4.4,624557,56.0,10000000,0.0,5.4
SOCIAL,4.0,33249,8.4,1000000,0.0,1.8
SOCIAL,4.2,79130,23.0,5000000,0.0,3.10
SHOPPING,4.0,141613,22.0,10000000,0.0,16.14
SHOPPING,4.5,6210998,15.0,100000000,0.0,4.20
SHOPPING,4.3,94294,30.0,10000000,0.0,2.25
SHOPPING,4.2,608753,30.0,10000000,0.0,2.25
SHOPPING,4.3,38961,27.0,5000000,0.0,14.2
SHOPPING,4.5,973270,20.0,50000000,0.0,2.4
SHOPPING,4.3,909226,42.0,100000000,0.0,16.14
SHOPPING,4.2,857923,18.0,50000000,0.0,11.7
SHOPPING,4.4,35563,4.2,1000000,0.0,10.2
SHOPPING,4.2,106798,30.0,5000000,0.0,2.25
SHOPPING,3.6,8820,33.0,5000000,0.0,3.0
SHOPPING,4.5,37186,7.9,1000000,0.0,3.4
SHOPPING,4.4,25714,12.0,1000000,0.0,3.8
SHOPPING,3.8,44255,15.0,10000000,0.0,6.0
SHOPPING,3.6,18252,10.0,10000000,0.0,6.3
SHOPPING,4.2,42750,9.9,10000000,0.0,2.8
SHOPPING,3.6,3656,9.0,1000000,0.0,4.16
SHOPPING,4.4,662287,21.0,10000000,0.0,4.26
SHOPPING,4.5,30834,13.0,1000000,0.0,3.2
SHOPPING,4.1,367290,11.0,10000000,0.0,4.9
SHOPPING,4.3,2588,21.0,1000000,0.0,2.4
SHOPPING,4.3,162655,8.1,10000000,0.0,4.7
SHOPPING,4.2,171584,12.0,10000000,0.0,4.9
SHOPPING,4.2,244141,7.3,10000000,0.0,4.4
SHOPPING,4.2,142512,15.0,10000000,0.0,6.2
SHOPPING,4.3,109124,22.0,10000000,0.0,3.11
SHOPPING,4.6,135043,11.0,10000000,0.0,4.0
SHOPPING,4.4,108592,8.3,10000000,0.0,4.7
SHOPPING,3.8,48732,20.0,10000000,0.0,7.8
SHOPPING,4.6,308234,38.0,10000000,0.0,5.3
SHOPPING,4.5,178497,9.1,10000000,0.0,4.33
SHOPPING,4.1,68406,24.0,10000000,0.0,6.25
SHOPPING,3.8,18364,29.0,1000000,0.0,29.14
SHOPPING,3.3,9189,98.0,1000000,0.0,7.0
SHOPPING,4.1,23187,25.0,1000000,0.0,4.89
SHOPPING,4.2,9975,18.0,1000000,0.0,1.4
SHOPPING,4.4,7793,6.1,500000,0.0,3.0
SHOPPING,4.1,9701,14.0,500000,0.0,2.4
SHOPPING,4.2,31519,21.0,1000000,0.0,4.9
SHOPPING,4.3,213735,43.0,10000000,0.0,5.3
SHOPPING,4.5,6211039,15.0,100000000,0.0,4.20
SHOPPING,4.1,42871,23.0,1000000,0.0,8.9
SHOPPING,4.5,315908,52.0,10000000,0.0,5.21
SHOPPING,4.5,79261,57.0,5000000,0.0,7.36
SHOPPING,4.6,284725,20.0,10000000,0.0,7.2
SHOPPING,4.7,67071,40.0,1000000,0.0,2.24
SHOPPING,4.3,46153,17.0,10000000,0.0,2.124
SHOPPING,4.4,101883,13.0,10000000,0.0,6.9
SHOPPING,4.4,1659,33.0,50000,0.0,2.4
SHOPPING,4.2,9975,18.0,1000000,0.0,1.4
SHOPPING,4.1,28523,29.0,5000000,0.0,18.10
SHOPPING,4.5,37253,31.0,1000000,0.0,4.31
SHOPPING,4.6,284721,20.0,10000000,0.0,7.2
SHOPPING,4.3,3420,13.0,100000,0.0,2.3
SHOPPING,4.1,7193,7.3,500000,0.0,5.0
SHOPPING,4.6,2278,12.0,500000,0.0,3.28
SHOPPING,4.2,5121,8.8,500000,0.0,9.0
SHOPPING,4.2,39735,18.0,5000000,0.0,3.13
SHOPPING,4.1,9701,14.0,500000,0.0,2.4
SHOPPING,4.2,1558,21.0,100000,0.0,1.2
SHOPPING,4.3,213735,43.0,10000000,0.0,5.3
SHOPPING,4.2,16966,34.0,1000000,0.0,6.10
SHOPPING,4.5,6211039,15.0,100000000,0.0,4.20
SHOPPING,4.0,41986,26.0,5000000,0.0,3.69
SHOPPING,4.4,186116,34.0,5000000,0.0,11.6
SHOPPING,4.0,13085,2.7,1000000,0.0,5.1
SHOPPING,4.5,315908,52.0,10000000,0.0,5.21
SHOPPING,4.1,28523,29.0,5000000,0.0,18.10
SHOPPING,4.5,44588,20.0,5000000,0.0,9.0
SHOPPING,4.2,4158,23.0,500000,0.0,2.8
SHOPPING,4.3,909204,42.0,100000000,0.0,16.14
SHOPPING,4.4,279428,16.0,10000000,0.0,6.4
SHOPPING,4.5,33583,12.0,1000000,0.0,3.9
SHOPPING,4.6,94205,6.5,1000000,0.0,5.6
SHOPPING,4.3,95520,15.0,10000000,0.0,5.3
SHOPPING,4.3,46153,17.0,10000000,0.0,2.124
SHOPPING,4.1,68406,24.0,10000000,0.0,6.25
SHOPPING,4.7,181798,22.0,10000000,0.0,4.4
SHOPPING,4.2,142512,15.0,10000000,0.0,6.2
SHOPPING,4.2,39735,18.0,5000000,0.0,3.13
SHOPPING,4.2,5121,8.8,500000,0.0,9.0
SHOPPING,4.1,9701,14.0,500000,0.0,2.4
SHOPPING,4.0,13085,2.7,1000000,0.0,5.1
SHOPPING,4.1,28523,29.0,5000000,0.0,18.10
SHOPPING,4.5,44588,20.0,5000000,0.0,9.0
SHOPPING,4.6,94205,6.5,1000000,0.0,5.6
SHOPPING,4.3,95520,15.0,10000000,0.0,5.3
SHOPPING,4.0,4602,6.2,500000,0.0,3.0
SHOPPING,4.5,72596,19.0,1000000,0.0,4.2
SHOPPING,4.1,110425,27.0,10000000,0.0,13.6
SHOPPING,4.4,2375,1.1,100000,0.0,3.1
SHOPPING,4.0,13085,2.7,1000000,0.0,5.1
SHOPPING,4.5,35497,16.0,1000000,0.0,4.16
SHOPPING,4.4,3878,8.8,100000,0.0,5.6
SHOPPING,4.5,33583,12.0,1000000,0.0,3.9
SHOPPING,4.1,68406,24.0,10000000,0.0,6.25
SHOPPING,4.3,44071,56.0,5000000,0.0,5.10
SHOPPING,4.5,6212081,15.0,100000000,0.0,4.20
SHOPPING,4.2,39735,18.0,5000000,0.0,3.13
SHOPPING,4.5,5123,14.0,500000,0.0,4.4
SHOPPING,4.7,181823,22.0,10000000,0.0,4.4
PHOTOGRAPHY,4.1,19232,28.0,1000000,0.0,7.4
PHOTOGRAPHY,4.6,98716,59.0,5000000,0.0,5.13
PHOTOGRAPHY,4.8,109500,37.0,1000000,0.0,2.18
PHOTOGRAPHY,4.0,21159,36.0,500000,0.0,2.1
PHOTOGRAPHY,4.7,1320,9.5,50000,0.0,2.1
PHOTOGRAPHY,4.7,50424,82.0,1000000,0.0,584
PHOTOGRAPHY,4.1,32398,28.0,1000000,0.0,9.6
PHOTOGRAPHY,4.5,38953,9.7,5000000,0.0,2.2
PHOTOGRAPHY,4.7,142634,22.0,10000000,0.0,1.5
PHOTOGRAPHY,4.7,259450,17.0,10000000,0.0,1.0
PHOTOGRAPHY,4.5,21841,7.7,1000000,0.0,1.6
PHOTOGRAPHY,4.5,10349,11.0,1000000,0.0,1.6
PHOTOGRAPHY,4.5,859,21.0,100000,0.0,1.5
PHOTOGRAPHY,4.4,40289,19.0,5000000,0.0,2.2
PHOTOGRAPHY,4.3,49680,8.7,5000000,0.0,1.8
PHOTOGRAPHY,4.5,3378,30.0,1000000,0.0,1.7
PHOTOGRAPHY,4.4,10525,25.0,1000000,0.0,8.9
PHOTOGRAPHY,3.3,3492,17.0,5000000,0.0,1.5
PHOTOGRAPHY,4.4,1864,13.0,500000,0.0,22.0
PHOTOGRAPHY,4.5,74476,23.0,10000000,0.0,1.6
PHOTOGRAPHY,4.5,3116,22.0,500000,0.0,2.15
PHOTOGRAPHY,4.7,31985,9.1,1000000,0.0,1.7
PHOTOGRAPHY,4.5,4400,8.3,1000000,0.0,2.0
PHOTOGRAPHY,4.6,11677,19.0,1000000,0.0,1.0
PHOTOGRAPHY,4.4,3158047,53.0,100000000,0.0,6.9
PHOTOGRAPHY,4.3,56114,17.0,10000000,0.0,2.6
PHOTOGRAPHY,4.6,15700,10.0,1000000,0.0,2.3
PHOTOGRAPHY,4.5,26361,29.0,5000000,0.0,5.3
PHOTOGRAPHY,4.5,285788,46.0,10000000,0.0,1.8
PHOTOGRAPHY,4.2,4410,4.5,1000000,0.0,4.1
PHOTOGRAPHY,4.0,5855,4.9,1000000,0.0,1.6
PHOTOGRAPHY,4.7,233039,24.0,10000000,0.0,1.5
PHOTOGRAPHY,4.3,28578,23.0,10000000,0.0,6.21
PHOTOGRAPHY,4.6,1159058,25.0,100000000,0.0,2.73
PHOTOGRAPHY,4.4,53421,26.0,10000000,0.0,2.74
PHOTOGRAPHY,4.3,116880,2.0,10000000,0.0,1.43
PHOTOGRAPHY,4.3,21730,19.0,1000000,0.0,1.6
PHOTOGRAPHY,4.4,62421,9.6,5000000,0.0,2.4
PHOTOGRAPHY,4.4,70189,13.0,5000000,0.0,4.0
PHOTOGRAPHY,4.6,847159,4.2,10000000,0.0,4.7
PHOTOGRAPHY,4.3,251951,16.0,10000000,0.0,4.7
PHOTOGRAPHY,4.6,98716,59.0,5000000,0.0,5.13
PHOTOGRAPHY,4.2,240475,9.5,10000000,0.0,3.8
PHOTOGRAPHY,4.4,3157936,53.0,100000000,0.0,6.9
PHOTOGRAPHY,3.9,55427,6.6,10000000,0.0,5.1
PHOTOGRAPHY,4.2,329160,27.0,10000000,0.0,3.1
PHOTOGRAPHY,4.3,42677,22.0,1000000,0.0,1.28
PHOTOGRAPHY,4.3,811693,50.0,50000000,0.0,4.0
PHOTOGRAPHY,4.1,23440,30.0,1000000,0.0,1.8
PHOTOGRAPHY,4.0,29707,18.0,1000000,0.0,1.1
PHOTOGRAPHY,4.0,15098,10.0,1000000,0.0,1.43
PHOTOGRAPHY,4.0,35724,9.9,1000000,0.0,1.40
PHOTOGRAPHY,4.4,71898,23.0,5000000,0.0,6.1
PHOTOGRAPHY,4.3,4865093,51.0,100000000,0.0,9.3
PHOTOGRAPHY,4.1,106080,35.0,10000000,0.0,6.1
PHOTOGRAPHY,4.2,44941,16.0,1000000,0.0,1.6
PHOTOGRAPHY,3.9,129272,11.0,10000000,0.0,1.32
PHOTOGRAPHY,4.4,111066,74.0,5000000,0.0,4.8
PHOTOGRAPHY,4.4,49553,48.0,1000000,5.99,1.3
PHOTOGRAPHY,4.4,70189,13.0,5000000,0.0,4.0
PHOTOGRAPHY,4.6,847159,4.2,10000000,0.0,4.7
PHOTOGRAPHY,4.3,251951,16.0,10000000,0.0,4.7
PHOTOGRAPHY,4.6,98716,59.0,5000000,0.0,5.13
PHOTOGRAPHY,4.0,130081,5.6,10000000,0.0,3.31
PHOTOGRAPHY,4.3,462152,1.5,10000000,0.0,2.3
PHOTOGRAPHY,4.2,140917,5.7,10000000,0.0,2.2
PHOTOGRAPHY,4.0,88860,6.1,5000000,0.0,6.2
PHOTOGRAPHY,4.1,49211,1.9,1000000,0.0,1.5
PHOTOGRAPHY,4.1,351254,4.0,10000000,0.0,4.6
PHOTOGRAPHY,4.0,157506,47.0,10000000,0.0,4.5
PHOTOGRAPHY,4.3,116880,2.0,10000000,0.0,1.43
PHOTOGRAPHY,4.2,240475,9.5,10000000,0.0,3.8
PHOTOGRAPHY,4.0,34753,22.0,1000000,0.0,1.4
PHOTOGRAPHY,4.4,635846,14.0,50000000,0.0,4.2
PHOTOGRAPHY,4.1,78140,10.0,5000000,0.0,5.5
PHOTOGRAPHY,4.3,12865,6.9,100000,2.99,4.70
PHOTOGRAPHY,4.2,215343,44.0,10000000,0.0,6.4
PHOTOGRAPHY,4.3,4865107,51.0,100000000,0.0,9.3
PHOTOGRAPHY,4.4,49553,48.0,1000000,5.99,1.3
PHOTOGRAPHY,4.4,852649,43.0,50000000,0.0,4.1
PHOTOGRAPHY,4.4,1494491,21.0,50000000,0.0,3.3
PHOTOGRAPHY,4.6,819774,25.0,10000000,0.0,4.2
PHOTOGRAPHY,4.0,33439,3.9,5000000,0.0,3.2
PHOTOGRAPHY,4.1,351255,4.0,10000000,0.0,4.6
PHOTOGRAPHY,4.2,477831,51.0,10000000,0.0,2.0
PHOTOGRAPHY,4.6,126337,9.6,1000000,0.0,2.0
PHOTOGRAPHY,4.2,240475,9.5,10000000,0.0,3.8
PHOTOGRAPHY,4.2,15426,50.0,1000000,0.0,3.8
PHOTOGRAPHY,4.4,1490732,21.0,50000000,0.0,4.8
PHOTOGRAPHY,4.4,1163232,31.0,50000000,0.0,3.4
PHOTOGRAPHY,4.1,114680,27.0,10000000,0.0,1.38
PHOTOGRAPHY,4.4,3158151,53.0,100000000,0.0,6.9
PHOTOGRAPHY,4.5,7594559,34.0,100000000,0.0,9.40
PHOTOGRAPHY,3.8,167652,12.0,10000000,0.0,4.5
PHOTOGRAPHY,4.3,811714,50.0,50000000,0.0,4.0
PHOTOGRAPHY,4.4,1075277,47.0,100000000,0.0,4.21
PHOTOGRAPHY,4.2,93726,9.2,5000000,0.0,2.0
PHOTOGRAPHY,4.3,4865132,51.0,100000000,0.0,9.3
PHOTOGRAPHY,4.4,49553,48.0,1000000,5.99,1.3
PHOTOGRAPHY,4.2,197295,24.0,10000000,0.0,4.0
PHOTOGRAPHY,4.1,21578,1.6,1000000,0.0,1.1
PHOTOGRAPHY,4.3,307453,17.0,10000000,0.0,1.7
PHOTOGRAPHY,4.0,32896,31.0,5000000,0.0,3.3
PHOTOGRAPHY,4.6,98717,59.0,5000000,0.0,5.13
PHOTOGRAPHY,4.3,542561,46.0,10000000,0.0,4.7
PHOTOGRAPHY,4.4,3158151,53.0,100000000,0.0,6.9
PHOTOGRAPHY,4.5,462702,45.0,10000000,0.0,8.1
SPORTS,4.3,1802,9.8,100000,0.0,1.4
SPORTS,4.4,133825,34.0,10000000,0.0,6.17
SPORTS,4.7,911995,20.0,10000000,0.0,10.8
SPORTS,4.6,1733,19.0,500000,0.0,2.1
SPORTS,4.2,342909,6.0,10000000,0.0,4.3
SPORTS,4.3,56270,15.0,5000000,0.0,5.4
SPORTS,4.5,107724,6.5,5000000,0.0,1004.0
SPORTS,4.6,101455,6.2,5000000,0.0,2.24
SPORTS,3.9,76346,14.0,5000000,0.0,6.3
SPORTS,4.3,39878,6.1,1000000,0.0,3.6
SPORTS,4.6,152867,17.0,10000000,0.0,3.0
SPORTS,4.3,63580,24.0,5000000,0.0,1.1
SPORTS,4.0,135763,13.0,10000000,0.0,1.5
SPORTS,4.0,176448,10.0,5000000,0.0,5.3
SPORTS,4.6,1981,10.0,100000,0.0,2.9
SPORTS,4.3,16016,6.9,1000000,0.0,2.7
SPORTS,4.2,9992,31.0,1000000,0.0,6.5
SPORTS,4.0,218,28.0,100000,0.0,5.0
SPORTS,4.6,4011,2.6,500000,0.0,1.0
SPORTS,4.7,25172,30.0,500000,0.0,5.5
SPORTS,4.3,14123,13.0,500000,0.0,4.0
SPORTS,4.0,2487,27.0,1000000,0.0,12.0
SPORTS,4.5,180938,29.0,10000000,0.0,6.4
SPORTS,4.7,950,18.0,100000,0.0,2.6
SPORTS,4.4,232423,35.0,5000000,0.0,4.2
SPORTS,4.8,1664,17.0,100000,0.0,1.2
SPORTS,4.3,2486,18.0,500000,0.0,06.11
SPORTS,4.4,697,3.0,100000,0.0,1.1
SPORTS,3.9,5510,32.0,1000000,0.0,7.3
SPORTS,4.4,4549,24.0,500000,0.0,2.4
SPORTS,4.0,176448,10.0,5000000,0.0,5.3
SPORTS,4.4,133825,34.0,10000000,0.0,6.17
SPORTS,4.1,288809,6.6,10000000,0.0,2.5
SPORTS,4.0,43611,27.0,1000000,0.0,3.17
SPORTS,3.1,78442,25.0,5000000,0.0,5.12
SPORTS,4.1,288809,6.6,10000000,0.0,2.5
SPORTS,2.9,3017,24.0,100000,0.0,3.7
SPORTS,4.5,36255,25.0,1000000,0.0,5.10
SPORTS,4.3,752,33.0,100000,0.0,2.6
SPORTS,4.1,19230,88.0,1000000,0.0,4.5
SPORTS,4.3,926,9.3,100000,0.0,5.9
SPORTS,4.4,2020,84.0,100000,0.0,4.4
SPORTS,4.2,798,4.7,50000,0.0,3.5
SPORTS,4.3,7543,25.0,500000,0.0,1.31
SPORTS,3.4,1845,12.0,100000,0.0,1.3
SPORTS,4.2,1904,9.9,100000,0.0,2.0
SPORTS,4.0,11085,61.0,1000000,0.0,8.9
SPORTS,4.1,3387,25.0,50000,29.99,4.18
SPORTS,4.0,11151,52.0,1000000,0.0,2018.6
SPORTS,4.6,29673,57.0,1000000,0.0,2.46
SPORTS,4.5,50017,41.0,1000000,0.0,3.21
SPORTS,4.4,63650,4.6,1000000,0.0,7.0
SPORTS,4.0,176450,10.0,5000000,0.0,5.3
SPORTS,3.5,50179,23.0,1000000,0.0,2.5
SPORTS,4.0,43611,27.0,1000000,0.0,3.17
SPORTS,4.0,9971,33.0,1000000,0.0,7.1
SPORTS,4.8,1660,4.7,10000,0.0,3.9
SPORTS,4.1,361,2.2,50000,0.0,1.0
SPORTS,4.3,24082,95.0,1000000,0.0,6.5
SPORTS,4.4,133833,34.0,10000000,0.0,6.17
SPORTS,4.6,990,9.4,100000,0.0,2.28
SPORTS,4.5,32386,19.0,1000000,0.0,7.8
SPORTS,4.3,101,3.9,10000,0.0,5.4
SPORTS,4.4,133833,34.0,10000000,0.0,6.17
SPORTS,4.5,35394,21.0,500000,0.0,1.2
SPORTS,4.5,32386,19.0,1000000,0.0,7.8
SPORTS,4.1,288809,6.6,10000000,0.0,2.5
SPORTS,4.0,28895,82.0,5000000,0.0,4.4
SPORTS,4.1,34123,19.0,5000000,0.0,7.1
SPORTS,3.5,4057,26.0,500000,0.0,3.2
SPORTS,4.5,5517,5.2,500000,0.0,6.9
SPORTS,3.9,4272,16.0,500000,0.0,3.0
SPORTS,4.0,9971,33.0,1000000,0.0,7.1
SPORTS,4.2,342912,6.0,10000000,0.0,4.3
SPORTS,4.6,666521,25.0,10000000,0.0,5.5
SPORTS,4.4,133833,34.0,10000000,0.0,6.17
SPORTS,4.5,2943,8.1,100000,0.0,6.1
SPORTS,4.4,108318,35.0,10000000,0.0,2017.7
SPORTS,4.3,7543,25.0,500000,0.0,1.31
SPORTS,4.5,32386,19.0,1000000,0.0,7.8
SPORTS,4.0,68935,48.0,5000000,0.0,9.4
SPORTS,4.2,80900,21.0,1000000,0.0,7.1
SPORTS,4.1,288809,6.6,10000000,0.0,2.5
SPORTS,3.9,5511,32.0,1000000,0.0,7.3
SPORTS,4.0,28895,82.0,5000000,0.0,4.4
SPORTS,3.5,50179,23.0,1000000,0.0,2.5
SPORTS,4.0,11151,52.0,1000000,0.0,2018.6
TRAVEL_AND_LOCAL,4.1,136626,14.0,10000000,0.0,18.30
TRAVEL_AND_LOCAL,4.4,49190,25.0,1000000,0.0,7.5
TRAVEL_AND_LOCAL,4.3,64713,58.0,1000000,0.0,10.9
TRAVEL_AND_LOCAL,4.5,481545,29.0,10000000,0.0,5.48
TRAVEL_AND_LOCAL,4.4,6012,81.0,500000,0.0,4.6
TRAVEL_AND_LOCAL,4.4,17878,28.0,1000000,0.0,6.7
TRAVEL_AND_LOCAL,4.0,33782,7.6,5000000,0.0,4.6
TRAVEL_AND_LOCAL,4.7,192641,33.0,5000000,0.0,17.4
TRAVEL_AND_LOCAL,4.6,751551,42.0,10000000,0.0,5.2
TRAVEL_AND_LOCAL,3.9,24781,8.3,5000000,0.0,5.6
TRAVEL_AND_LOCAL,3.6,32862,14.0,10000000,0.0,5.10
TRAVEL_AND_LOCAL,3.9,98585,37.0,10000000,0.0,5.0
TRAVEL_AND_LOCAL,4.1,136633,14.0,10000000,0.0,18.30
TRAVEL_AND_LOCAL,3.1,5572,21.0,1000000,0.0,5.16
TRAVEL_AND_LOCAL,3.7,16815,28.0,1000000,0.0,3.1
TRAVEL_AND_LOCAL,3.4,2277,27.0,1000000,0.0,4.4
TRAVEL_AND_LOCAL,3.6,285,39.0,500000,0.0,10.7
TRAVEL_AND_LOCAL,3.3,256,17.0,100000,0.0,1.1
TRAVEL_AND_LOCAL,3.0,2750,39.0,5000000,0.0,10.7
TRAVEL_AND_LOCAL,3.6,7081,51.0,1000000,0.0,4.1
TRAVEL_AND_LOCAL,4.8,17882,86.0,1000000,0.0,3.4
TRAVEL_AND_LOCAL,4.5,251037,26.0,10000000,0.0,13.0
TRAVEL_AND_LOCAL,3.7,27560,46.0,5000000,0.0,4.13
TRAVEL_AND_LOCAL,4.5,481546,29.0,10000000,0.0,5.48
TRAVEL_AND_LOCAL,4.4,150932,27.0,10000000,0.0,9.1
TRAVEL_AND_LOCAL,4.1,928,14.0,1000000,0.0,11.0
TRAVEL_AND_LOCAL,4.0,26665,10.0,5000000,0.0,2.5
TRAVEL_AND_LOCAL,3.9,13275,71.0,1000000,0.0,8.60
TRAVEL_AND_LOCAL,4.4,48930,15.0,5000000,0.0,4.38
TRAVEL_AND_LOCAL,4.3,15680,11.0,1000000,0.0,6.2
TRAVEL_AND_LOCAL,4.2,5112,62.0,1000000,0.0,8.8
TRAVEL_AND_LOCAL,3.5,30447,80.0,5000000,0.0,2.1
TRAVEL_AND_LOCAL,4.3,165299,5.4,10000000,0.0,8.0
TRAVEL_AND_LOCAL,4.7,620534,9.8,10000000,0.0,5.7
TRAVEL_AND_LOCAL,4.3,34,7.6,1000,0.0,2.3
TRAVEL_AND_LOCAL,4.1,427,26.0,100000,0.0,1.2
TRAVEL_AND_LOCAL,4.2,35560,13.0,5000000,0.0,4.0
TRAVEL_AND_LOCAL,4.3,11182,62.0,1000000,0.0,11.26
TRAVEL_AND_LOCAL,4.3,16734,10.0,1000000,0.0,8.8
TRAVEL_AND_LOCAL,4.4,48930,15.0,5000000,0.0,4.38
TRAVEL_AND_LOCAL,3.5,30447,80.0,5000000,0.0,2.1
TRAVEL_AND_LOCAL,4.1,136626,14.0,10000000,0.0,18.30
TRAVEL_AND_LOCAL,4.4,20313,57.0,100000,0.0,17.7
TRAVEL_AND_LOCAL,4.2,25740,51.0,1000000,0.0,4.20
TRAVEL_AND_LOCAL,3.9,24781,8.3,5000000,0.0,5.6
TRAVEL_AND_LOCAL,4.2,42546,24.0,5000000,0.0,7.6
TRAVEL_AND_LOCAL,4.4,24281,29.0,1000000,0.0,4.4
TRAVEL_AND_LOCAL,4.4,18039,3.1,1000000,0.0,3.6
TRAVEL_AND_LOCAL,3.7,27560,46.0,5000000,0.0,4.13
TRAVEL_AND_LOCAL,4.4,22748,55.0,1000000,0.0,4.7
TRAVEL_AND_LOCAL,3.7,7705,40.0,1000000,0.0,9.7
TRAVEL_AND_LOCAL,4.5,481546,29.0,10000000,0.0,5.48
TRAVEL_AND_LOCAL,3.6,14544,43.0,1000000,0.0,7.2
TRAVEL_AND_LOCAL,4.4,134895,50.0,10000000,0.0,2.32
TRAVEL_AND_LOCAL,4.1,2419,13.0,1000000,0.0,1.24
TRAVEL_AND_LOCAL,4.4,48930,15.0,5000000,0.0,4.38
TRAVEL_AND_LOCAL,4.2,1609,4.0,100000,0.0,53.89
TRAVEL_AND_LOCAL,4.1,136626,14.0,10000000,0.0,18.30
TRAVEL_AND_LOCAL,4.5,481546,29.0,10000000,0.0,5.48
TRAVEL_AND_LOCAL,4.3,18622,44.0,1000000,0.0,4.15
TRAVEL_AND_LOCAL,4.2,8258,22.0,1000000,0.0,5.4
TRAVEL_AND_LOCAL,4.4,17878,28.0,1000000,0.0,6.7
TRAVEL_AND_LOCAL,4.1,17202,12.0,5000000,0.0,4.9
TRAVEL_AND_LOCAL,4.4,14114,46.0,1000000,0.0,18.21
TRAVEL_AND_LOCAL,4.1,890,7.6,100000,0.0,4.0
TRAVEL_AND_LOCAL,4.5,481546,29.0,10000000,0.0,5.48
TRAVEL_AND_LOCAL,4.5,149723,4.1,10000000,0.0,8.1
TRAVEL_AND_LOCAL,4.2,6762,8.5,1000000,0.0,8.0
TRAVEL_AND_LOCAL,4.2,120373,31.0,5000000,0.0,3.19
TRAVEL_AND_LOCAL,4.2,40225,4.1,1000000,0.0,4.0
TRAVEL_AND_LOCAL,4.7,9971,22.0,500000,0.0,1.28
TRAVEL_AND_LOCAL,4.2,18294,28.0,1000000,0.0,13.8
TOOLS,4.1,38655,5.9,10000000,0.0,3.7
TOOLS,4.2,24199,3.9,50000000,0.0,1.02
TOOLS,4.5,12759663,15.0,100000000,0.0,3.1
TOOLS,4.6,308,4.3,1000000,0.0,0.2
TOOLS,4.0,26189,5.3,10000000,0.0,2.0
TOOLS,3.1,45838,16.0,50000000,0.0,7.6
TOOLS,4.6,25592,7.5,10000000,0.0,8.0
TOOLS,,1,3.7,1000000,0.0,2.1
TOOLS,4.4,1236,5.8,100000,0.0,8.1
TOOLS,4.6,7790693,17.0,500000000,0.0,4.5
TOOLS,4.6,315585,8.5,10000000,0.0,1.0
TOOLS,4.4,12215,9.1,5000000,0.0,1.7
TOOLS,4.2,127223,7.6,10000000,0.0,7.0
TOOLS,4.4,9602,2.5,100000000,0.0,6.0
TOOLS,3.1,24151,15.0,10000000,0.0,11.7
TOOLS,3.9,18513,6.1,10000000,0.0,3.2
TOOLS,3.9,14552,17.0,10000000,0.0,7.0
TOOLS,4.3,357,58.0,1000000,0.0,6.2
TOOLS,3.7,315,4.6,500000,0.0,1.8
TOOLS,3.5,163997,16.0,10000000,0.0,5.36
TOOLS,3.8,5431,1.3,10000000,0.0,1.5
TOOLS,3.6,59,2.3,50000,0.0,9.7
TOOLS,3.1,124,1.9,100000,0.0,9.7
TOOLS,3.8,1420,2.7,100000,0.0,9.7
TOOLS,4.2,118439,16.0,10000000,0.0,10.4
TOOLS,4.0,59973,11.0,10000000,0.0,1.2
TOOLS,4.3,32111,5.3,1000000,0.0,3.1
TOOLS,4.5,70404,4.2,1000000,0.0,3.4
TOOLS,4.5,876866,9.1,50000000,0.0,1.4
TOOLS,4.4,207706,4.3,10000000,0.0,2.4
TOOLS,4.4,166367,1.8,5000000,0.0,1.4
TOOLS,4.4,192661,8.5,10000000,0.0,2.4
TOOLS,4.3,54207,4.4,5000000,0.0,3.2
TOOLS,4.7,1335799,3.8,50000000,0.0,2.5
TOOLS,4.7,152692,11.0,5000000,0.0,3.5
TOOLS,4.8,48211,7.4,1000000,0.0,32.1
TOOLS,3.9,12388,5.3,1000000,0.0,1.17
TOOLS,4.5,85387,5.4,1000000,0.0,2.1
TOOLS,4.6,33509,3.6,1000000,0.0,2.2
TOOLS,4.4,90831,4.3,10000000,0.0,3.1
TOOLS,4.0,85659,27.0,5000000,0.0,1.51
TOOLS,4.0,807,1.8,100000,0.0,20180517
TOOLS,4.4,24265,3.3,1000000,0.0,4.0
TOOLS,4.1,1657,2.0,100000,0.0,2.1
TOOLS,4.3,576454,6.1,50000000,0.0,2.0
TOOLS,4.1,88675,9.6,5000000,0.0,6.0
TOOLS,4.3,56848,9.6,1000000,0.0,1.6
TOOLS,4.2,19096,10.0,1000000,0.0,2.0
TOOLS,4.2,1116393,8.2,50000000,0.0,6.1
TOOLS,4.2,154578,14.0,10000000,0.0,3.0
TOOLS,4.2,40676,25.0,1000000,0.0,2.27
TOOLS,4.3,39833,9.9,1000000,0.0,2.5
TOOLS,4.5,273283,22.0,5000000,0.0,4.1
TOOLS,4.5,801054,8.9,10000000,0.0,4.3
TOOLS,4.1,65597,2.4,10000000,0.0,4.20
TOOLS,4.4,1107320,25.0,50000000,0.0,3.4
TOOLS,4.4,335115,1.8,10000000,0.0,3.11
TOOLS,4.1,33926,17.0,1000000,0.0,4.78
TOOLS,4.2,134203,4.1,10000000,0.0,6.06
TOOLS,4.1,15693,18.0,1000000,0.0,4.32
TOOLS,4.6,48979,14.0,1000000,0.0,5.0
TOOLS,4.1,9496,0.696,1000000,0.0,1.0
TOOLS,4.2,428581,4.7,10000000,0.0,1.33
TOOLS,4.1,225544,8.1,10000000,0.0,3.1
TOOLS,4.5,474439,7.9,10000000,0.0,6.1
TOOLS,4.0,41137,4.6,1000000,0.0,1.7
TOOLS,3.5,75336,0.544,1000000,0.0,1.3
TOOLS,4.4,745245,3.5,10000000,0.0,7.2
TOOLS,4.1,172990,0.525,10000000,0.0,1.17
TOOLS,4.2,68309,2.1,1000000,0.0,3.9
PERSONALIZATION,4.4,7146,14.0,1000000,0.0,1.1
PERSONALIZATION,4.6,49657,8.7,5000000,0.0,3.6
PERSONALIZATION,4.5,1724,21.0,100000,0.0,5.34
PERSONALIZATION,4.4,32794,12.0,5000000,0.0,1.284
PERSONALIZATION,4.5,102923,18.0,1000000,0.0,2.1
PERSONALIZATION,4.6,6702776,17.0,100000000,0.0,5.41
PERSONALIZATION,4.6,7583,3.8,500000,0.0,2.6
PERSONALIZATION,4.6,5073,23.0,1000000,0.0,1.1
PERSONALIZATION,4.5,15633,14.0,1000000,0.0,1.1
PERSONALIZATION,4.7,29485,9.9,1000000,0.0,1.0
PERSONALIZATION,4.4,142393,12.0,10000000,0.0,1.284
PERSONALIZATION,4.3,71688,12.0,10000000,0.0,3.5
PERSONALIZATION,4.7,114851,20.0,10000000,0.0,2.1
PERSONALIZATION,4.1,62209,7.4,10000000,0.0,6.7
PERSONALIZATION,4.7,202474,3.0,10000000,0.0,2.6
PERSONALIZATION,4.6,298321,14.0,10000000,0.0,2.5
PERSONALIZATION,4.5,5783441,14.0,100000000,0.0,3.9
PERSONALIZATION,4.4,47393,7.2,10000000,0.0,1.8
PERSONALIZATION,4.4,55525,22.0,10000000,0.0,1.2
PERSONALIZATION,4.3,2267,7.2,500000,0.0,6.7
PERSONALIZATION,4.6,649568,26.0,10000000,0.0,4.12
PERSONALIZATION,4.7,6342,38.0,1000000,0.0,1.8
PERSONALIZATION,4.3,5413,3.9,1000000,0.0,3.3
PERSONALIZATION,4.6,4724,5.4,1000000,0.0,1.2
PERSONALIZATION,4.4,43960,9.8,10000000,0.0,2.0
PERSONALIZATION,4.5,3277209,7.6,100000000,0.0,3.2
PERSONALIZATION,4.7,229,1.1,500000,0.0,1.9
PERSONALIZATION,4.3,6626,9.1,1000000,0.0,6.7
PERSONALIZATION,3.7,10796,6.8,1000000,0.0,6.7
PERSONALIZATION,4.7,273994,12.0,10000000,0.0,2.3
PERSONALIZATION,4.5,29203,3.3,5000000,0.0,40.0
PERSONALIZATION,4.4,18918,12.0,5000000,0.0,1.14
PERSONALIZATION,4.3,2056,9.8,500000,0.0,6.7
PERSONALIZATION,4.8,440,0.92,500000,0.0,1.9
PERSONALIZATION,4.6,66453,14.0,5000000,0.0,1.57
PERSONALIZATION,4.1,398,6.8,100000,0.0,6.6
PERSONALIZATION,4.7,12089,27.0,500000,0.0,1.2
PERSONALIZATION,4.1,2828,7.4,100000,0.0,2.11
PERSONALIZATION,4.2,89342,29.0,10000000,0.0,1.13
PERSONALIZATION,4.0,30498,5.9,1000000,0.0,2.60
PERSONALIZATION,4.2,97890,14.0,1000000,2.49,5.7
PERSONALIZATION,3.9,25037,14.0,1000000,0.0,5.7
PERSONALIZATION,4.3,58617,26.0,1000000,0.99,4.3
PERSONALIZATION,4.1,62301,1.9,1000000,0.0,1.7
PERSONALIZATION,4.2,37237,3.9,5000000,0.0,3.5
PERSONALIZATION,4.4,1591,0.779,10000,0.99,1.1
PERSONALIZATION,4.4,294701,5.1,10000000,0.0,2.85
PERSONALIZATION,4.3,63624,10.0,5000000,0.0,11.0
PERSONALIZATION,4.1,112977,13.0,10000000,0.0,3.6
PERSONALIZATION,4.2,58052,4.0,5000000,0.0,1.1
PERSONALIZATION,4.1,12180,5.4,1000000,0.0,1.3
PERSONALIZATION,4.1,118459,3.3,10000000,0.0,4.0
PERSONALIZATION,4.2,112479,4.3,10000000,0.0,3.0
PERSONALIZATION,4.1,69417,0.853,10000000,0.0,2.41
PERSONALIZATION,4.4,733838,21.0,10000000,0.0,2.4
PERSONALIZATION,4.1,157495,6.4,10000000,0.0,4.0
PERSONALIZATION,4.3,86481,8.6,10000000,0.0,4.8
PERSONALIZATION,4.6,484981,2.1,10000000,0.0,1.7
PERSONALIZATION,4.1,77724,7.1,5000000,0.0,2.7
PERSONALIZATION,4.2,33074,3.3,1000000,0.0,4.1
PERSONALIZATION,4.1,35771,3.5,5000000,0.0,4.1
PERSONALIZATION,4.2,290241,4.1,50000000,0.0,1.9
PERSONALIZATION,4.5,69488,9.7,1000000,0.0,6.07
PERSONALIZATION,4.3,10401,3.3,1000000,0.0,7.5
PERSONALIZATION,4.2,28806,7.1,1000000,0.0,18.0
PERSONALIZATION,4.0,11343,8.4,1000000,0.0,18.0
PERSONALIZATION,4.2,66730,7.0,5000000,0.0,18.0
PERSONALIZATION,4.2,25807,5.5,1000000,0.0,15.0
PERSONALIZATION,4.4,251616,13.0,10000000,0.0,1.9
PERSONALIZATION,4.3,881,5.9,10000,9.99,2.5
PERSONALIZATION,4.5,624924,24.0,10000000,0.0,4.8
PERSONALIZATION,4.1,51145,6.2,10000000,0.0,1
PERSONALIZATION,4.2,7435,6.9,1000000,0.0,1
PERSONALIZATION,4.1,12008,6.1,1000000,0.0,5.0
PRODUCTIVITY,4.4,1188154,24.0,10000000,0.0,4.6
PRODUCTIVITY,3.8,8226,4.1,10000000,0.0,1.8
PRODUCTIVITY,4.3,3252896,50.0,100000000,0.0,2.2
PRODUCTIVITY,3.2,11200,11.0,5000000,0.0,3.1
PRODUCTIVITY,4.5,9653,5.1,1000000,0.0,1.2
PRODUCTIVITY,4.2,58675,1.3,10000000,0.0,0.1
PRODUCTIVITY,4.0,2131,2.3,5000000,0.0,4.1
PRODUCTIVITY,4.6,5383985,16.0,100000000,0.0,4.1
PRODUCTIVITY,4.0,8550,15.0,1000000,0.0,2.1
PRODUCTIVITY,4.5,23089,1.6,10000000,0.0,1.10
PRODUCTIVITY,4.2,56403,49.0,5000000,0.0,4.0
PRODUCTIVITY,4.7,19302,7.2,5000000,0.0,3.5
PRODUCTIVITY,4.4,577059,1.5,50000000,0.0,2.2
PRODUCTIVITY,4.6,209696,49.0,5000000,0.0,3.2
PRODUCTIVITY,4.3,1498393,14.0,50000000,0.0,4.3
PRODUCTIVITY,4.4,41418,1.2,1000000,0.0,1.39
PRODUCTIVITY,4.0,212,10.0,1000000,0.0,5.0
PRODUCTIVITY,4.4,6011,4.3,500000,0.0,3.2
PRODUCTIVITY,4.7,17955,3.8,1000000,0.0,1.7
PRODUCTIVITY,4.2,74146,32.0,10000000,0.0,12.1
PRODUCTIVITY,4.5,176873,4.5,1000000,0.0,17.7
PRODUCTIVITY,4.0,10270,8.4,1000000,0.0,4.4
PRODUCTIVITY,4.5,155999,12.0,10000000,0.0,12.8
PRODUCTIVITY,4.4,56713,25.0,1000000,0.0,9.3
PRODUCTIVITY,4.5,72513,12.0,5000000,0.0,5.0
PRODUCTIVITY,4.4,205191,7.1,10000000,0.0,2.4
PRODUCTIVITY,4.6,5383971,16.0,100000000,0.0,4.1
PRODUCTIVITY,4.5,49794,6.5,1000000,0.0,1.7
PRODUCTIVITY,4.3,609182,9.2,50000000,0.0,6.4
PRODUCTIVITY,4.1,979,0.72,100000,0.0,2.1
PRODUCTIVITY,4.2,53015,2.2,5000000,0.0,2.2
PRODUCTIVITY,4.2,17415,4.1,1000000,0.0,3.5
PRODUCTIVITY,4.3,549900,60.0,10000000,0.0,7.3
PRODUCTIVITY,4.5,1508137,37.0,100000000,0.0,11.1
PRODUCTIVITY,4.3,12321,0.713,1000000,0.0,2.0
PRODUCTIVITY,4.6,122424,4.7,5000000,0.0,1.35
PRODUCTIVITY,4.2,21507,6.6,1000000,0.0,13.4
PRODUCTIVITY,4.2,80581,2.5,10000000,0.0,2.4
PRODUCTIVITY,4.2,37204,19.0,1000000,0.0,3.4
PRODUCTIVITY,4.3,226295,4.2,10000000,0.0,4.3
PRODUCTIVITY,4.6,57904,11.0,1000000,0.0,12.8
PRODUCTIVITY,4.5,155999,12.0,10000000,0.0,12.8
PRODUCTIVITY,4.0,8985,5.7,1000000,0.0,1.07
PRODUCTIVITY,4.2,16349,9.0,1000000,0.0,4.0
PRODUCTIVITY,4.5,25985,6.9,1000000,0.0,1.0
PRODUCTIVITY,4.0,10270,8.4,1000000,0.0,4.4
PRODUCTIVITY,4.2,60840,1.9,5000000,0.0,1.26
PRODUCTIVITY,4.6,102594,15.0,5000000,0.0,2.30
PRODUCTIVITY,4.1,6850,11.0,100000,0.0,2.3
PRODUCTIVITY,4.4,18669,4.1,1000000,0.0,1.9
PRODUCTIVITY,4.1,16420,3.8,1000000,0.0,4.4
PRODUCTIVITY,4.1,71432,3.8,5000000,0.0,4.2
PARENTING,4.5,86,2.8,10000,0.0,1.7
PARENTING,,76,8.2,10000,0.0,1.0
PARENTING,3.8,3614,3.3,1000000,0.0,2.15
PARENTING,,34,6.2,10000,0.0,1.0
PARENTING,,31,85.0,10000,0.0,3.2
PARENTING,4.6,1413,14.0,100000,0.0,2.9
PARENTING,4.7,39,95.0,10000,0.0,1.2
PARENTING,,36,5.5,5000,0.0,4.7
PARENTING,4.0,3789,42.0,1000000,0.0,8.25
PARENTING,,67,15.0,50000,0.0,1.9
PARENTING,4.7,107,98.0,50000,0.0,1.4
PARENTING,4.1,559,6.4,100000,0.0,1.3
PARENTING,3.7,4976,2.8,1000000,0.0,2.04
PARENTING,,3248,6.5,100000,0.0,2.10
PARENTING,4.1,44,3.6,10000,0.0,8.2
PARENTING,3.7,9293,2.4,1000000,0.0,2.03
PARENTING,4.6,62386,3.4,1000000,0.0,2.7
PARENTING,4.4,162,1.5,10000,0.0,1.0
PARENTING,4.6,1002,5.0,50000,0.0,3.0
PARENTING,4.1,99,6.6,10000,0.0,1.1
PARENTING,,163,59.0,100000,0.0,1.2
PARENTING,4.8,190,6.8,100000,0.0,1.5
PARENTING,4.0,464,24.0,100000,0.0,2.3
PARENTING,4.9,717,6.6,100000,0.0,1.6
PARENTING,,63,4.9,10000,0.0,1.0
PARENTING,4.8,7505,9.1,100000,0.0,1.1
PARENTING,4.4,11501,11.0,1000000,0.0,3.7
PARENTING,4.7,69,5.8,5000,0.0,1.0
PARENTING,4.2,2715,24.0,500000,0.0,3.14
PARENTING,4.6,349,4.4,100000,0.0,1.7
PARENTING,4.6,37,16.0,10000,0.0,3.19
PARENTING,4.5,806,11.0,500000,0.0,4.2
PARENTING,4.1,319,11.0,100000,0.0,5.3
PARENTING,3.8,824,53.0,1000000,0.0,8.9
PARENTING,4.8,6668,20.0,100000,0.0,2.5
PARENTING,4.8,1940,38.0,100000,0.0,1.04
PARENTING,,34,4.9,10000,0.0,1.2
PARENTING,4.5,1025,17.0,100000,0.0,1.3
PARENTING,4.0,3346,37.0,1000000,0.0,8.25
PARENTING,4.4,5343,5.2,1000000,0.0,2.1
PARENTING,4.7,247,28.0,100000,0.0,1.3
PARENTING,,970,71.0,100000,0.0,2.0
PARENTING,3.9,3182,46.0,1000000,0.0,8.25
PARENTING,4.4,1528,16.0,100000,0.0,8.1
PARENTING,4.4,39,18.0,10000,0.0,1.2
PARENTING,4.5,76795,18.0,1000000,0.0,2.0
WEATHER,4.8,159455,10.0,1000000,0.0,1.11
WEATHER,4.8,892,17.0,10000,0.0,1.1
WEATHER,4.7,11118,9.7,1000000,0.0,30
WEATHER,4.4,15370,21.0,1000000,0.0,12.2
WEATHER,4.3,18194,3.2,1000000,0.0,1.7
WEATHER,4.4,40606,15.0,10000000,0.0,7.0
WEATHER,4.2,133338,44.0,5000000,0.0,6.1
WEATHER,4.6,36900,4.8,500000,0.0,1.3
WEATHER,4.4,4184,10.0,1000000,0.0,7.1
WEATHER,3.9,100994,54.0,5000000,0.0,5.9
WEATHER,4.3,20008,9.1,5000000,0.0,7.1
WEATHER,4.5,13426,19.0,1000000,0.0,9.9
WEATHER,4.2,18773,12.0,10000000,0.0,1.3
WEATHER,3.6,7623,19.0,1000000,0.0,3.18
WEATHER,4.3,21404,7.6,1000000,0.0,2.2
WEATHER,4.5,3478,6.1,500000,0.0,2.9
WEATHER,4.2,24349,9.2,1000000,0.0,1.8
WEATHER,4.8,17493,11.0,100000,4.49,1.3
WEATHER,3.8,15966,9.2,1000000,0.0,2.0
WEATHER,4.5,2332,20.0,500000,0.0,12.2
WEATHER,4.5,29344,22.0,500000,0.0,4.1
WEATHER,4.2,18425,5.3,1000000,0.0,3.1
VIDEO_PLAYERS,4.3,7557,5.6,1000000,0.0,1.0
VIDEO_PLAYERS,4.2,59089,5.4,10000000,0.0,1.0
VIDEO_PLAYERS,4.3,1551,2.9,1000000,0.0,1.1
VIDEO_PLAYERS,3.6,12764,25.0,1000000,0.0,7.1
VIDEO_PLAYERS,3.7,400,7.2,100000,0.0,1.0
VIDEO_PLAYERS,4.6,3930,3.3,500000,0.0,1.1
VIDEO_PLAYERS,4.2,193381,17.0,50000000,0.0,1.78
VIDEO_PLAYERS,4.1,7624,6.0,1000000,0.0,1.9
VIDEO_PLAYERS,3.8,19738,33.0,1000000,0.0,9.7
VIDEO_PLAYERS,4.4,259605,3.1,10000000,0.0,1.6
VIDEO_PLAYERS,4.5,18699,4.1,1000000,0.0,1.0
VIDEO_PLAYERS,4.6,98819,27.0,5000000,0.0,1.251
VIDEO_PLAYERS,4.7,53006,44.0,1000000,0.0,1.5
VIDEO_PLAYERS,4.5,351168,13.0,10000000,0.0,2.0
VIDEO_PLAYERS,3.9,3484,3.0,10000000,0.0,7.10
VIDEO_PLAYERS,4.4,25922,6.1,50000000,0.0,1.4
VIDEO_PLAYERS,3.8,5555,64.0,1000000,0.0,2.6
VIDEO_PLAYERS,4.6,921868,47.0,50000000,0.0,2.4
VIDEO_PLAYERS,4.3,15874,5.4,1000000,0.0,1.2
VIDEO_PLAYERS,4.6,36969,27.0,1000000,0.0,1.137
VIDEO_PLAYERS,4.5,714665,50.0,10000000,0.0,4.13
VIDEO_PLAYERS,4.3,6685,4.0,1000000,0.0,1.1
VIDEO_PLAYERS,,0,13.0,500,0.0,3.1
VIDEO_PLAYERS,3.5,13205,44.0,1000000,0.0,6.2
VIDEO_PLAYERS,3.3,1261,2.5,10000,0.0,1.0
VIDEO_PLAYERS,4.3,1215,23.0,100000,0.0,1.5
VIDEO_PLAYERS,4.1,159622,23.0,5000000,0.0,6.14
VIDEO_PLAYERS,4.4,169965,14.0,10000000,0.0,1.32
VIDEO_PLAYERS,4.4,38630,89.0,1000000,0.0,2.1
NEWS_AND_MAGAZINES,4.3,42624,16.0,1000000,0.0,6.6
NEWS_AND_MAGAZINES,4.5,26411,26.0,1000000,0.0,2.3
NEWS_AND_MAGAZINES,4.6,29706,11.0,1000000,0.0,2.71
NEWS_AND_MAGAZINES,3.5,6066,56.0,1000000,0.0,2.1
NEWS_AND_MAGAZINES,4.0,293080,25.0,10000000,0.0,5.17
NEWS_AND_MAGAZINES,4.3,355921,17.0,10000000,0.0,9.1
NEWS_AND_MAGAZINES,4.3,37882,9.1,1000000,0.0,8.2
NEWS_AND_MAGAZINES,4.1,190888,11.0,10000000,0.0,5.2
NEWS_AND_MAGAZINES,4.5,9548,15.0,1000000,0.0,6.6
NEWS_AND_MAGAZINES,4.4,1071,9.7,500000,0.0,5.8
NEWS_AND_MAGAZINES,4.0,11908,5.5,1000000,0.0,8.3
NEWS_AND_MAGAZINES,4.1,185058,6.7,10000000,0.0,3.1
NEWS_AND_MAGAZINES,4.3,978,2.9,100000,0.0,1.8
NEWS_AND_MAGAZINES,3.9,877635,13.0,1000000000,0.0,5.2
NEWS_AND_MAGAZINES,4.5,51684,8.5,10000000,0.0,4.2
NEWS_AND_MAGAZINES,4.7,175110,25.0,10000000,0.0,6.7
NEWS_AND_MAGAZINES,4.5,357944,12.0,10000000,0.0,9.1
NEWS_AND_MAGAZINES,3.1,735,6.3,500000,0.0,6.3
NEWS_AND_MAGAZINES,4.7,2543,6.3,500000,0.0,8.0
NEWS_AND_MAGAZINES,4.0,30287,19.0,1000000,0.0,4.11
NEWS_AND_MAGAZINES,4.2,31504,31.0,1000000,0.0,18.201
NEWS_AND_MAGAZINES,4.2,21147,9.0,5000000,0.0,2.2
NEWS_AND_MAGAZINES,3.4,41490,25.0,5000000,0.0,4.6
NEWS_AND_MAGAZINES,4.6,2090,4.6,50000,0.0,1.9
NEWS_AND_MAGAZINES,4.5,44274,8.0,1000000,0.0,4.0
NEWS_AND_MAGAZINES,4.0,7006,23.0,1000000,0.0,5.6
NEWS_AND_MAGAZINES,4.4,2959,9.8,1000000,0.0,7.5
NEWS_AND_MAGAZINES,4.2,40167,8.7,1000000,0.0,3.12
NEWS_AND_MAGAZINES,4.0,4332,12.0,1000000,0.0,3.0
NEWS_AND_MAGAZINES,4.6,413999,10.0,5000000,0.0,3.53
NEWS_AND_MAGAZINES,4.6,66384,19.0,1000000,0.0,4.1
NEWS_AND_MAGAZINES,4.5,17703,6.6,500000,0.0,4.10
NEWS_AND_MAGAZINES,4.3,350,14.0,10000,0.0,3.000
NEWS_AND_MAGAZINES,4.4,74425,8.6,1000000,0.0,5.14
NEWS_AND_MAGAZINES,3.9,877635,13.0,1000000000,0.0,5.2
NEWS_AND_MAGAZINES,4.3,131028,13.0,5000000,0.0,5.38
NEWS_AND_MAGAZINES,3.6,3311,10.0,100000,0.0,4.0
NEWS_AND_MAGAZINES,4.4,185884,7.5,1000000,0.0,3.1
NEWS_AND_MAGAZINES,4.1,40975,36.0,1000000,0.0,4.4
NEWS_AND_MAGAZINES,4.2,27104,8.2,1000000,0.0,2.42
NEWS_AND_MAGAZINES,4.7,247992,22.0,5000000,0.0,6.5
NEWS_AND_MAGAZINES,3.9,63647,23.0,10000000,0.0,6.19
NEWS_AND_MAGAZINES,4.6,56524,14.0,1000000,0.0,3.5
NEWS_AND_MAGAZINES,4.3,13169,25.0,1000000,0.0,3.4
NEWS_AND_MAGAZINES,4.2,61692,27.0,10000000,0.0,5.9
NEWS_AND_MAGAZINES,4.0,18976,35.0,1000000,0.0,3.19
NEWS_AND_MAGAZINES,4.6,62740,8.6,500000,0.0,16.3
NEWS_AND_MAGAZINES,4.5,76677,4.6,1000000,0.0,4.4
NEWS_AND_MAGAZINES,4.0,293080,25.0,10000000,0.0,5.17
NEWS_AND_MAGAZINES,4.2,78154,12.0,1000000,0.0,19.2
NEWS_AND_MAGAZINES,4.3,479594,18.0,10000000,0.0,9.2
NEWS_AND_MAGAZINES,4.2,233305,3.1,10000000,0.0,5.1
NEWS_AND_MAGAZINES,4.2,23292,14.0,1000000,0.0,3.1
NEWS_AND_MAGAZINES,4.3,23641,23.0,1000000,0.0,3.9
NEWS_AND_MAGAZINES,3.9,13217,8.8,1000000,0.0,1.8
NEWS_AND_MAGAZINES,4.0,18976,35.0,1000000,0.0,3.19
NEWS_AND_MAGAZINES,4.1,40975,36.0,1000000,0.0,4.4
NEWS_AND_MAGAZINES,4.0,293080,25.0,10000000,0.0,5.17
NEWS_AND_MAGAZINES,4.5,256680,12.0,10000000,0.0,6.7
NEWS_AND_MAGAZINES,3.9,63647,23.0,10000000,0.0,6.19
NEWS_AND_MAGAZINES,3.9,877643,13.0,1000000000,0.0,5.2
NEWS_AND_MAGAZINES,4.3,131028,13.0,5000000,0.0,5.38
MAPS_AND_NAVIGATION,4.4,104800,22.0,10000000,0.0,7.0
MAPS_AND_NAVIGATION,4.5,56443,43.0,1000000,0.0,6.2
MAPS_AND_NAVIGATION,4.4,1421884,33.0,50000000,0.0,17.4
MAPS_AND_NAVIGATION,4.4,3652,32.0,500000,0.0,4.8
MAPS_AND_NAVIGATION,4.3,14110,6.8,1000000,0.0,4.3
MAPS_AND_NAVIGATION,4.4,18710,4.0,1000000,0.0,3.2
MAPS_AND_NAVIGATION,4.3,286454,3.7,10000000,0.0,2.1
MAPS_AND_NAVIGATION,4.4,652,3.4,100000,0.0,116
MAPS_AND_NAVIGATION,4.7,162049,48.0,5000000,0.0,18.0
MAPS_AND_NAVIGATION,4.3,26014,7.7,1000000,0.0,2.4
MAPS_AND_NAVIGATION,4.5,53562,60.0,1000000,0.0,2.10
MAPS_AND_NAVIGATION,3.7,10562,60.0,1000000,0.0,04.08
MAPS_AND_NAVIGATION,4.3,21589,5.6,1000000,0.0,5.1
MAPS_AND_NAVIGATION,4.1,2909,5.2,100000,0.0,1.39
MAPS_AND_NAVIGATION,4.5,37937,25.0,1000000,0.0,3.6
MAPS_AND_NAVIGATION,4.8,15865,3.3,1000000,0.0,10.0
MAPS_AND_NAVIGATION,4.3,63920,29.0,5000000,0.0,7.16
MAPS_AND_NAVIGATION,4.7,38375,49.0,1000000,0.0,3.0
MAPS_AND_NAVIGATION,4.3,16657,3.6,1000000,0.0,4.7
MAPS_AND_NAVIGATION,4.2,301413,48.0,5000000,0.0,5.44
MAPS_AND_NAVIGATION,4.6,16094,5.4,1000000,0.0,2.7
MAPS_AND_NAVIGATION,4.5,65590,18.0,5000000,0.0,3.1
MAPS_AND_NAVIGATION,4.3,32225,3.2,1000000,0.0,2.0
MAPS_AND_NAVIGATION,4.5,44348,11.0,5000000,0.0,6.2
MAPS_AND_NAVIGATION,4.2,23279,8.5,1000000,0.0,5.2
MAPS_AND_NAVIGATION,4.2,12572,24.0,1000000,0.0,5.4
MAPS_AND_NAVIGATION,4.3,70556,26.0,10000000,0.0,4.76
MAPS_AND_NAVIGATION,4.3,1240,14.0,100000,0.0,2.4
MAPS_AND_NAVIGATION,4.4,10218,78.0,1000000,0.0,5.072
MAPS_AND_NAVIGATION,3.5,18857,7.0,1000000,0.0,9.3
MAPS_AND_NAVIGATION,4.2,11838,9.2,1000000,0.0,1.7
TOOLS,4.5,162335,4.9,10000000,0.0,8.10
FAMILY,4.2,886418,6.5,50000000,0.0,1.7
FAMILY,3.9,3720,11.0,1000000,0.0,4.2
GAME,4.3,9951,96.0,1000000,0.0,1.0
FAMILY,3.7,2398,2.9,500000,0.0,5.8
GAME,4.3,213340,24.0,10000000,0.0,1.2
FAMILY,4.3,1805398,55.0,50000000,0.0,6.5
FAMILY,4.6,94989,74.0,5000000,0.0,8.6
FAMILY,4.3,10483141,24.0,500000000,0.0,1.4
GAME,4.2,3815614,32.0,100000000,0.0,2.2
FAMILY,4.6,10247,15.0,1000000,0.0,1.3
FINANCE,3.9,730,6.3,10000,0.0,5.4
GAME,4.4,5565856,97.0,100000000,0.0,7.9
FAMILY,4.6,263454,74.0,10000000,0.0,2.1
FAMILY,4.8,39480,14.0,500000,0.0,4.1
FAMILY,4.3,1311,14.0,10000,0.0,4.5
FAMILY,4.4,174,5.7,10000,0.0,2.0
FAMILY,3.3,8642,19.0,500000,0.0,4.0
GAME,4.5,43576,50.0,5000000,0.0,4.4
GAME,4.5,27711703,76.0,1000000000,0.0,1.90
GAME,3.7,1221896,70.0,100000000,0.0,3.0
GAME,4.5,152658,29.0,1000000,0.0,2.1
COMMUNICATION,4.1,14766,16.0,500000,0.0,0.81
FAMILY,3.7,353342,13.0,50000000,0.0,2.0
FAMILY,4.1,672089,73.0,50000000,0.0,6.7
FAMILY,4.8,3053,17.0,50000,0.0,1.7
GAME,4.1,10421284,85.0,100000000,0.0,0.111
FAMILY,4.5,9876369,99.0,100000000,0.0,3.7
GAME,4.5,8389714,92.0,100000000,0.0,3.7
GAME,4.2,685450,37.0,100000000,0.0,6.6
SPORTS,4.4,867920,45.0,10000000,0.0,1.16
GAME,4.3,798522,57.0,100000000,0.0,1.9
FAMILY,3.8,6760,26.0,500000,0.0,1.4
GAME,4.5,13118,47.0,500000,0.0,1.0
GAME,3.7,413609,22.0,10000000,0.0,2.8
FAMILY,4.5,1013465,56.0,50000000,0.0,1.2
SHOPPING,4.3,908525,42.0,100000000,0.0,16.14
FAMILY,4.6,305765,34.0,10000000,0.0,1.1
FAMILY,4.4,98324,70.0,1000000,0.0,1.19
FOOD_AND_DRINK,4.3,27931,17.0,5000000,0.0,6.0
GAME,4.3,47698,4.1,5000000,0.0,1.0
GAME,4.3,133195,11.0,5000000,0.0,1.58
FAMILY,4.3,1295293,11.0,100000000,0.0,4.0
FAMILY,4.4,17069,94.0,500000,0.0,1.0
PRODUCTIVITY,4.2,145088,24.0,10000000,0.0,4.5
FAMILY,4.9,46253,56.0,500000,0.0,1.0
FAMILY,4.6,111741,66.0,5000000,0.0,5.4
GAME,4.6,515240,63.0,10000000,0.0,1.7
FINANCE,4.6,49275,91.0,500000,0.0,2.0
GAME,3.4,29265,17.0,1000000,0.0,1.1
SPORTS,3.8,85763,21.0,1000000,0.0,2.8
FAMILY,4.6,137198,81.0,5000000,0.0,3.7
GAME,3.8,22191,3.0,1000000,0.0,1.10
SOCIAL,4.4,5637451,59.0,100000000,0.0,8.0
FAMILY,3.9,31061,83.0,1000000,0.0,4.0
SOCIAL,4.1,12495,19.0,1000000,0.0,7.1
PHOTOGRAPHY,4.5,512996,23.0,10000000,0.0,4.0
FINANCE,3.7,800,32.0,50000,0.0,2.16
SOCIAL,4.4,2349421,39.0,100000000,0.0,4.1
FAMILY,4.5,944661,57.0,50000000,0.0,2.10
SPORTS,4.5,14184910,52.0,100000000,0.0,4.0
TOOLS,3.8,159,7.5,10000,0.0,5.5
GAME,3.1,50,7.4,10000,0.0,2.0
TOOLS,4.5,799206,8.9,10000000,0.0,4.3
TOOLS,5.0,2,6.3,100,1.99,1.19
GAME,4.4,3039889,18.0,10000000,0.0,1.18
PERSONALIZATION,,7,14.0,100,1.49,1.0
FOOD_AND_DRINK,2.9,155,20.0,10000,0.0,4.94
HEALTH_AND_FITNESS,3.3,14210,96.0,1000000,0.0,6.0
PERSONALIZATION,4.1,291,35.0,5000,1.99,2.20
MEDICAL,4.6,625,8.4,10000,3.99,2.1
PERSONALIZATION,4.4,83,8.6,1000,1.7,1.05
GAME,4.5,4487182,55.0,50000000,0.0,15.1
GAME,4.3,12,29.0,100,0.99,1.5
TOOLS,4.3,668,13.0,50000,0.0,2.1
MEDICAL,4.5,2948,16.0,50000,0.0,4.5
COMMUNICATION,4.5,17712922,40.0,500000000,0.0,12.8
TRAVEL_AND_LOCAL,2.2,83,6.7,50000,0.0,1.0
GAME,4.5,6071542,100.0,100000000,0.0,6.0
FAMILY,4.5,10053186,94.0,100000000,0.0,1
LIFESTYLE,4.6,815280,4.4,10000000,0.0,4.90
GAME,3.9,24,64.0,1000,1.99,0.8
PERSONALIZATION,4.1,8,4.5,1000,0.0,3.1
MAPS_AND_NAVIGATION,3.3,19,6.0,5000,0.0,1.2
PHOTOGRAPHY,4.1,283,7.4,100000,0.0,1.1
ART_AND_DESIGN,4.8,253,3.7,50000,0.0,1.0
MAPS_AND_NAVIGATION,4.1,41,25.0,1000,0.0,0.19
PERSONALIZATION,4.5,2,10.0,500,0.0,1.3
GAME,,30,26.0,500,0.99,1.0
FAMILY,4.6,44881447,98.0,100000000,0.0,10.322
FAMILY,4.6,23125280,97.0,100000000,0.0,2.3
FAMILY,4.3,22248,1.8,1000000,0.0,3.0
FAMILY,4.5,349,11.0,50000,0.0,2.1
FAMILY,4.3,4624,78.0,100000,0.0,2.5
GAME,4.4,1397944,50.0,10000000,0.0,0.9
FAMILY,4.4,22419455,74.0,500000000,0.0,1.129
SHOPPING,4.4,27275,8.3,1000000,0.0,27500000
PERSONALIZATION,4.2,1531,7.7,10000,2.99,8.3
BOOKS_AND_REFERENCE,4.2,873,2.5,50000,0.0,2.2
FAMILY,4.6,73404,5.3,1000000,0.0,4.5
FAMILY,4.6,1218,4.0,50000,0.0,3.0
BOOKS_AND_REFERENCE,4.7,88,4.2,1000,0.0,1.0
PERSONALIZATION,4.8,557,74.0,10000,0.99,4.5
FAMILY,4.7,2387,6.9,100000,0.0,2.5
LIFESTYLE,1.7,686,6.6,10000,0.0,4.1
LIFESTYLE,4.5,8096,16.0,1000000,0.0,1.6
PRODUCTIVITY,4.0,499,4.7,10000,0.0,1.37
FAMILY,3.6,608,5.4,100000,0.0,4.3
TOOLS,2.0,24,35.0,1000,0.0,1.7
LIFESTYLE,4.7,707,26.0,5000,0.0,2.2
PRODUCTIVITY,4.1,376,32.0,50000,0.0,2.15
FAMILY,4.3,109,2.7,5000,0.0,4.1
FAMILY,4.3,43,3.7,10000,0.0,1.0
FAMILY,4.5,2751,7.0,100000,0.0,3.2
FAMILY,4.4,77,6.9,5000,0.0,1.1
GAME,4.4,8921451,63.0,100000000,0.0,1.37
FAMILY,4.6,130,2.2,10000,0.0,1.0
FAMILY,3.7,452,30.0,100000,0.0,1.0
FAMILY,4.5,4115,5.8,100000,0.0,7.1
BOOKS_AND_REFERENCE,4.0,459,3.1,50000,0.0,2.2
FAMILY,4.8,55,1.5,1000,0.0,1.0
FAMILY,4.0,1320,8.6,100000,0.0,4.1
FAMILY,4.7,27,0.772,5000,0.0,1.0
FAMILY,4.8,306,3.3,5000,0.0,1.2
FAMILY,4.6,498,5.0,50000,0.0,2.0
FAMILY,4.3,36,1.1,5000,0.0,1.2
FAMILY,4.2,1002,4.4,10000,0.0,3.9
FAMILY,4.8,138,2.1,10000,0.0,1.0
FAMILY,4.2,20,1.6,5000,0.0,1.0
VIDEO_PLAYERS,4.2,1971777,29.0,100000000,0.0,2.35
COMMUNICATION,4.5,305347,39.0,10000000,0.0,7.1
GAME,4.6,408292,29.0,10000000,0.99,1.7
GAME,4.5,1736105,14.0,10000000,0.0,3.0
GAME,4.3,5091448,41.0,100000000,0.0,2.6
VIDEO_PLAYERS,4.8,2588730,9.7,50000000,0.0,1.7
GAME,4.5,4229977,60.0,100000000,0.0,3.1
GAME,4.3,8116142,62.0,500000000,0.0,1.49
GAME,4.2,640974,47.0,50000000,0.0,1.5
GAME,4.4,3058687,89.0,100000000,0.0,1.2
GAME,4.5,4972230,9.9,100000000,0.0,1.52
GAME,4.2,951,64.0,100000,0.0,1.2
GAME,4.6,1591129,48.0,50000000,0.0,1.01
PERSONALIZATION,4.6,14026,12.0,100000,0.99,1.9
VIDEO_PLAYERS,4.5,1013867,32.0,50000000,0.0,4.5
FAMILY,4.5,762706,28.0,10000000,0.0,6.7
FAMILY,4.4,91171,36.0,1000000,0.0,1.0
SPORTS,4.1,1076243,13.0,100000000,0.0,3.1
FAMILY,4.4,4064868,69.0,100000000,0.0,2.2
SPORTS,4.6,9873470,74.0,100000000,0.0,5.064
FAMILY,4.6,15301,18.0,100000,2.99,3.0
PERSONALIZATION,4.5,10158,3.6,500000,0.0,1.5
GAME,4.5,4147718,79.0,100000000,0.0,1.4
FAMILY,4.3,1168959,66.0,50000000,0.0,2.3
GAME,4.3,4000433,42.0,100000000,0.0,1.9
FAMILY,3.3,23682,9.8,1000000,0.0,6.2
TOOLS,3.7,338449,2.8,10000000,0.0,8.6
FAMILY,4.4,187892,40.0,5000000,0.0,1.2
FAMILY,3.1,740,20.0,100000,0.0,3.3
NEWS_AND_MAGAZINES,4.0,15443,25.0,1000000,0.0,4.2
FAMILY,3.9,94910,44.0,10000000,0.0,1.12
FAMILY,4.4,63773,8.8,5000000,0.0,5.7
PRODUCTIVITY,4.6,5378795,16.0,100000000,0.0,4.1
FAMILY,4.8,1506783,89.0,10000000,0.0,1.2
FINANCE,3.9,10657,58.0,1000000,0.0,6.8
FAMILY,4.5,736824,20.0,10000000,0.0,3.17
FAMILY,3.6,1354,4.8,500000,0.0,1.0
LIFESTYLE,3.4,4082,0.318,500000,0.0,1.0
TOOLS,4.4,951413,13.0,100000000,0.0,10.23
FAMILY,4.4,1657,4.9,100000,0.0,1.35
SOCIAL,4.5,17350,12.0,500000,0.0,1.078
COMMUNICATION,4.3,27156,66.0,5000000,0.0,42.0
PRODUCTIVITY,4.3,3249518,50.0,100000000,0.0,2.2
FAMILY,4.4,148536,59.0,10000000,0.0,4.21
SPORTS,4.5,16257,14.0,500000,0.0,2.8
PRODUCTIVITY,4.0,4660,5.9,1000000,0.0,1.0
BOOKS_AND_REFERENCE,4.3,1476,41.0,100000,0.0,1.0
BOOKS_AND_REFERENCE,4.1,85842,37.0,5000000,0.0,5.0
BOOKS_AND_REFERENCE,4.2,210534,22.0,10000000,0.0,3.0
SHOPPING,4.5,6200739,15.0,100000000,0.0,4.20
FINANCE,4.3,9400,6.1,1000000,0.0,1.09
TOOLS,4.6,894435,3.1,50000000,0.0,2.2
PHOTOGRAPHY,4.4,1302,0.058,10000,4.99,3.2
FAMILY,4.3,4551,79.0,500000,0.0,1.0
PHOTOGRAPHY,4.2,12726,15.0,1000000,0.0,4.9
FAMILY,4.3,3213548,55.0,100000000,0.0,5.3
TOOLS,4.3,3943,11.0,100000,0.0,1.4
TOOLS,4.6,57,13.0,5000,0.0,1.0
GAME,3.6,214,4.9,50000,0.0,3.0
TOOLS,4.2,2588,7.6,100000,0.0,4.7
PRODUCTIVITY,4.2,1117,3.0,50000,0.0,1.0
PRODUCTIVITY,4.4,607,37.0,50000,0.0,1.1
TOOLS,4.3,9433,9.3,500000,0.0,17.4
AUTO_AND_VEHICLES,4.9,73,23.0,1000,0.0,0.994
TOOLS,4.5,1250,0.241,50000,0.0,1.0
COMMUNICATION,4.3,659395,11.0,100000000,0.0,9.8
TOOLS,4.2,13096,9.2,500000,0.0,17.4
LIFESTYLE,3.8,38,4.8,5000,0.0,2.6
FAMILY,1.0,1,16.0,10,2.99,1.0
WEATHER,4.4,6495,40.0,100000,0.0,4.4
FINANCE,4.0,43,13.0,5000,0.0,4.5
TOOLS,,6,4.9,500,0.0,1.0
FAMILY,4.4,20368,31.0,500000,0.0,3.0
FAMILY,,0,14.0,5,39.99,1.0
BUSINESS,3.4,58,3.0,10000,0.0,1.0
BUSINESS,3.8,183,9.9,50000,0.0,2.5
HEALTH_AND_FITNESS,3.7,5559,3.7,500000,0.0,22.0
PHOTOGRAPHY,,0,1.7,10,2.0,1.0
PHOTOGRAPHY,4.1,41,11.0,500,1.49,3.1
GAME,4.6,759838,63.0,10000000,0.0,1.03
TOOLS,4.4,51,2.1,5000,0.0,1.5
BUSINESS,4.2,127,1.4,10000,0.0,2.1
GAME,4.4,3697174,36.0,50000000,0.0,0.7
GAME,4.5,4830407,32.0,50000000,0.0,3.7
GAME,4.5,1128805,59.0,50000000,0.0,1.4
FAMILY,4.3,64884,37.0,5000000,0.0,1
TOOLS,4.2,857215,7.9,100000000,0.0,1.4
GAME,3.6,2065,25.0,100000,0.0,1.0
GAME,4.4,12683,19.0,1000000,0.0,1.1
GAME,4.6,3656,39.0,100000,0.0,1.1
TOOLS,4.5,1034,0.196,5000,4.99,1.1
SOCIAL,4.4,120,2.3,10000,0.0,1.0
PERSONALIZATION,4.2,59,8.1,1000,1.7,1.05
SPORTS,4.3,989344,51.0,50000000,0.0,1.640
TOOLS,1.8,53,3.4,1000,1.49,1.91
GAME,3.8,4116,8.8,100000,0.0,1.3
FAMILY,4.4,7715,28.0,500000,0.0,1.7
PRODUCTIVITY,3.4,5,11.0,100,2.99,2
SPORTS,4.6,10,6.1,100,3.88,1.0
MAPS_AND_NAVIGATION,3.7,96,14.0,10000,0.0,1.4
LIFESTYLE,3.0,543,94.0,50000,0.0,1.4
PERSONALIZATION,4.6,89,11.0,5000,0.99,1.6
LIFESTYLE,3.1,777,14.0,50000,0.0,3.0
TOOLS,4.3,255,1.6,5000,14.99,14.6
PERSONALIZATION,4.3,25,15.0,500,1.49,1.0
TOOLS,3.8,415,2.7,50000,0.0,7.0
LIFESTYLE,4.5,231,5.7,5000,0.99,7.0
GAME,3.6,517,47.0,50000,0.0,1.4
TOOLS,,0,1.6,10,25.99,5.0
PERSONALIZATION,4.2,33,0.857,500,1.49,2.0
HOUSE_AND_HOME,4.5,30,25.0,1000,0.0,2.4
TOOLS,4.2,184,1.3,10000,0.0,2.23
TOOLS,3.3,6,1.5,100,5.99,3.2
GAME,4.2,1485806,33.0,100000000,0.0,1.0
TOOLS,4.3,99290,3.9,5000000,0.0,3.1
FAMILY,4.2,1960,87.0,100000,0.0,1.4
LIFESTYLE,3.7,41917,14.0,10000000,0.0,9.6
FAMILY,3.8,29544,10.0,10000000,0.0,3.15
HEALTH_AND_FITNESS,2.9,1786,5.9,100000,0.0,3.5
GAME,4.5,6181640,58.0,100000000,0.0,2.2
TOOLS,4.3,123,1.9,5000,0.0,1.2
LIFESTYLE,4.9,145,48.0,5000,1.99,1.0
GAME,4.4,19816,57.0,1000000,0.0,1.8
COMMUNICATION,4.4,9,0.051,500,3.99,3.6
ART_AND_DESIGN,4.4,13,4.5,1000,0.0,2.0
HEALTH_AND_FITNESS,2.9,4031,8.9,500000,0.0,3.0
DATING,4.2,46,26.0,10000,0.0,2.1
HEALTH_AND_FITNESS,4.0,50,15.0,5000,0.0,2.14
FAMILY,4.3,6,1.5,100,399.99,1.0
COMMUNICATION,4.3,15439,2.2,1000000,0.0,2.0
FAMILY,3.9,38,42.0,5000,0.0,5055.524
FAMILY,4.3,103064,5.6,5000000,0.0,4.6
SOCIAL,,17,8.5,1000,0.0,16.7
HEALTH_AND_FITNESS,4.0,214,8.9,10000,0.0,3.0
GAME,4.6,4108,13.0,10000,17.99,1.0
FAMILY,3.7,126,13.0,10000,0.0,1.0
PERSONALIZATION,4.6,621,5.4,50000,0.0,2
GAME,4.4,3250,27.0,1000000,0.0,1.2
PERSONALIZATION,4.5,2,3.0,100,0.0,1.0
FAMILY,3.0,4,19.0,1000,0.0,3.0
PRODUCTIVITY,3.1,67,8.3,10000,0.0,3.5
FAMILY,4.3,1633565,57.0,100000000,0.0,3.5
PRODUCTIVITY,4.5,107,1.2,50000,0.0,10.0
FAMILY,4.5,681,2.8,50000,0.0,1.1
BUSINESS,4.5,176,19.0,10000,0.0,2.0
TOOLS,4.1,10426,7.2,1000000,0.0,1.4
FAMILY,4.2,1752017,52.0,100000000,0.0,2.5
GAME,3.9,178723,65.0,10000000,0.0,4.1
GAME,3.9,2454,37.0,500000,0.0,1.2
TOOLS,3.9,19758,2.9,5000000,0.0,2.7
COMMUNICATION,4.3,4785892,11.0,500000000,0.0,9.8
FAMILY,4.2,3133,34.0,500000,0.0,1.1
FAMILY,3.7,7453,6.5,1000000,0.0,2.1
FAMILY,2.8,4635,3.9,1000000,0.0,1.7
TOOLS,4.1,8137,3.9,1000000,0.0,1.11
FAMILY,4.4,1372013,57.0,100000000,0.0,1.10
PHOTOGRAPHY,2.7,3032,2.8,500000,0.0,1.3
GAME,4.7,403911,23.0,10000000,0.0,2.277
GAME,4.2,249308,55.0,10000000,0.0,5.26
GAME,4.5,3777822,75.0,100000000,0.0,3.8
SPORTS,4.4,29864,40.0,1000000,0.0,2.5
FAMILY,4.0,250257,50.0,5000000,0.0,1.1
COMMUNICATION,4.1,132015,25.0,10000000,0.0,6.1
SOCIAL,4.0,80987,25.0,5000000,0.0,2.2
SOCIAL,4.7,896118,6.6,5000000,0.0,1.3
GAME,4.3,421000,36.0,10000000,0.0,3.1
GAME,4.7,989158,75.0,10000000,0.0,1.0
SOCIAL,4.4,90082,8.8,1000000,0.0,2.44
FAMILY,4.0,83875,43.0,1000000,0.0,1.6
GAME,4.2,307398,9.9,10000000,0.0,1.12
GAME,4.4,4637439,96.0,100000000,0.0,1.10
TOOLS,4.6,2176,0.953,100000,0.0,1.5
FAMILY,3.3,162,9.0,10000,0.0,1.2
GAME,4.5,547644,23.0,50000000,0.0,1.1
HEALTH_AND_FITNESS,2.3,74,2.6,10000,0.0,1.1
FAMILY,4.2,56259,23.0,10000000,0.0,4.0
FAMILY,4.1,705805,35.0,50000000,0.0,2.3
SPORTS,,7,7.2,1000,0.0,5.2
FAMILY,4.4,2122705,49.0,100000000,0.0,3.7
SOCIAL,3.2,185,4.7,10000,0.0,1.0
FAMILY,4.6,61264,43.0,1000000,0.99,3.7
FAMILY,4.3,1329008,97.0,50000000,0.0,2.1
PERSONALIZATION,4.1,8,3.1,1000,0.0,1.0
PERSONALIZATION,4.1,797,6.7,50000,0.0,1.279
COMMUNICATION,,2,13.0,10,1.99,1.0
FAMILY,4.7,36,7.1,1000,0.0,1.3
TOOLS,3.5,81747,9.1,10000000,0.0,3.8
FAMILY,3.9,28,98.0,1000,0.0,0.4
GAME,,6,30.0,500,0.0,2.0
GAME,,28,8.9,1000,0.0,1.1
GAME,4.1,609,13.0,10000,0.0,1.7
FAMILY,4.7,17,2.4,1000,0.0,1
PRODUCTIVITY,,0,44.0,100,0.0,1.1
FAMILY,4.6,7,7.3,1000,0.0,1.3
PERSONALIZATION,4.5,164,33.0,10000,0.0,4.3
PERSONALIZATION,4.7,98,3.4,10000,0.0,1.1
PERSONALIZATION,4.9,934,3.8,10000,0.0,4.1
PERSONALIZATION,,4,3.6,500,0.0,2.1
HEALTH_AND_FITNESS,4.1,290,40.0,50000,0.0,1.7
SHOPPING,4.4,9140,14.0,500000,0.0,5.9
GAME,4.3,1017408,34.0,10000000,0.0,9.2
FAMILY,4.4,1185,40.0,100000,0.0,1.5
PERSONALIZATION,4.5,14,11.0,1000,0.0,31
SOCIAL,4.6,4046,63.0,100000,0.0,1.8
TOOLS,4.8,1955,14.0,100000,0.0,1.0
FAMILY,4.3,1065,61.0,100000,0.0,4.1
SOCIAL,4.8,19047,63.0,100000,0.0,1.8
FAMILY,4.8,16,8.9,500,1.99,1.0
TOOLS,3.7,43,10.0,5000,0.0,2.1
FAMILY,4.1,9019,44.0,1000000,0.0,6.6
FAMILY,3.7,4444,10.0,500000,0.0,3.0
FAMILY,4.2,6418,59.0,100000,0.0,1.3
FAMILY,4.5,39,7.4,1000,0.0,3.0
FAMILY,4.6,28,23.0,1000,1.99,1.02
VIDEO_PLAYERS,4.5,712737,50.0,10000000,0.0,4.13
FAMILY,4.7,21,44.0,1000,5.99,1.3
FAMILY,,2,15.0,1000,0.0,1.0
FAMILY,4.9,55,40.0,1000,0.0,108
GAME,4.4,2351,62.0,100000,0.0,1009001
FAMILY,4.6,60,2.1,10000,0.0,1.0
FAMILY,,19,31.0,5000,0.0,3.01
PRODUCTIVITY,,0,19.0,100,0.0,3.27
LIFESTYLE,4.0,42,26.0,5000,0.0,1.0
FAMILY,4.8,39,3.6,1000,0.0,1.53
FAMILY,4.3,159,13.0,10000,0.0,1.0
COMMUNICATION,4.4,64,4.5,5000,0.0,5.206
FAMILY,4.2,11263,35.0,1000000,0.0,2.1
GAME,4.6,4304,71.0,100000,0.0,1900001
PERSONALIZATION,,35,15.0,10000,0.0,1.0
FAMILY,4.8,17,23.0,100,3.99,1.4
FAMILY,4.0,369,3.5,10000,0.0,2.0
FAMILY,4.3,264,60.0,10000,0.0,8
GAME,4.7,703,40.0,10000,0.0,1.0
GAME,4.6,2694969,78.0,100000000,0.0,2.8
SHOPPING,4.5,972256,20.0,50000000,0.0,2.4
LIFESTYLE,4.0,45224,49.0,5000000,0.0,6.5
FAMILY,4.2,357049,40.0,50000000,0.0,1.2
FAMILY,4.0,576210,48.0,50000000,0.0,3.25
GAME,4.5,2308916,87.0,10000000,0.0,1.9
PERSONALIZATION,4.0,6263,20.0,500000,0.0,7.46
FAMILY,4.1,1111915,50.0,100000000,0.0,2.2
FAMILY,4.6,67410,0.865,1000000,0.0,1.0
FAMILY,3.1,306,2.9,50000,0.0,1.2
SOCIAL,4.9,5677,67.0,50000,0.0,1.8
PRODUCTIVITY,4.5,2965,2.4,100000,0.0,1.1
FAMILY,4.0,155276,61.0,10000000,0.0,1.1
PRODUCTIVITY,4.0,11535,6.8,1000000,0.0,1.42
PERSONALIZATION,3.6,5525,2.6,500000,0.0,1.6
FAMILY,4.5,4251,13.0,1000000,0.0,23.0
GAME,4.2,1185148,29.0,100000000,0.0,9.55
GAME,4.3,90415,84.0,10000000,0.0,1.0
PERSONALIZATION,3.9,2852,5.4,100000,0.0,1.3
PERSONALIZATION,4.3,1734,2.8,100000,0.0,4.0
SHOPPING,4.3,85,2.9,50000,0.0,1.24
FAMILY,4.4,222308,6.9,10000000,0.0,3.0
FAMILY,4.3,556659,46.0,10000000,0.0,1805.0618
FAMILY,4.4,499,27.0,100000,0.0,2.4
VIDEO_PLAYERS,4.4,953894,37.0,10000000,0.0,3.5
FAMILY,3.5,31538,82.0,1000000,0.0,1.2703
BUSINESS,4.4,236,44.0,10000,0.0,3.1
PERSONALIZATION,4.4,37234,7.3,1000000,0.0,1.4
VIDEO_PLAYERS,4.5,58820,37.0,1000000,0.0,3.5
PHOTOGRAPHY,4.4,758780,53.0,50000000,0.0,4.0
GAME,4.4,596,44.0,100000,0.0,1
TOOLS,3.9,84,24.0,10000,0.0,2.18
GAME,3.9,1202,34.0,100000,0.0,1.6
NEWS_AND_MAGAZINES,4.9,198,9.1,10000,0.0,3.2
GAME,3.7,303,38.0,100000,0.0,1.6
VIDEO_PLAYERS,3.3,30,15.0,5000,0.0,3.1
LIFESTYLE,3.8,718,26.0,10000,399.99,1.0
GAME,3.5,901,63.0,50000,0.0,1.8
TOOLS,4.2,38,0.251,5000,0.0,1.4
COMMUNICATION,3.5,400,4.2,100000,0.0,3.8
LIFESTYLE,3.6,275,7.3,10000,400.0,1.0
HEALTH_AND_FITNESS,4.6,71266,49.0,1000000,0.0,2.3
COMMUNICATION,3.9,167229,9.7,10000000,0.0,8.1
TOOLS,4.2,2803,1.4,100000,0.0,1.0
PERSONALIZATION,4.2,202,4.9,10000,0.0,1.2
FINANCE,4.0,142,6.2,10000,0.0,5.3
COMMUNICATION,3.2,559,6.0,10000,0.0,3.4
MEDICAL,2.4,102,1.2,10000,0.0,1.2
AUTO_AND_VEHICLES,4.5,189,16.0,10000,0.0,1.1
GAME,4.1,234606,59.0,10000000,0.0,3.1
PERSONALIZATION,4.2,128,7.7,10000,0.0,1.0
FAMILY,3.7,10035,30.0,1000000,0.0,2.07
PERSONALIZATION,4.3,2538,6.4,100000,2.99,1.5
GAME,4.2,156862,64.0,5000000,0.0,7.0
GAME,4.1,63680,46.0,1000000,0.0,2.2
FAMILY,3.9,19727,76.0,1000000,0.0,32
GAME,3.8,4719,54.0,500000,0.0,5.1
PERSONALIZATION,4.4,32597,8.4,1000000,0.0,1.5
LIFESTYLE,3.4,552,22.0,10000,0.0,3.0
GAME,4.0,166033,23.0,10000000,0.0,3.6
PRODUCTIVITY,4.4,253,8.2,10000,0.0,0.1
COMMUNICATION,3.3,960,3.8,50000,0.0,2.1
GAME,4.8,133180,54.0,1000000,0.0,1.1
GAME,4.5,413,9.1,1000,4.99,1.04
SHOPPING,3.4,620,40.0,100000,0.0,2.2
FAMILY,4.3,817,28.0,100000,0.0,2.4
PRODUCTIVITY,4.3,369,11.0,10000,0.0,2.9
FAMILY,4.1,313,34.0,5000,2.99,1.1
GAME,4.0,37789,58.0,1000000,0.0,1.5
FAMILY,4.4,3570,21.0,100000,2.99,1.8
FAMILY,3.8,48929,45.0,5000000,0.0,1.5
FAMILY,4.4,89947,22.0,5000000,0.0,1.8
GAME,3.8,466,28.0,10000,0.99,1.00
GAME,4.2,30630,17.0,1000000,0.0,1.2
FAMILY,3.8,7462,31.0,1000000,0.0,3.42
PERSONALIZATION,4.8,133,59.0,1000,2.49,15.6
FAMILY,4.7,8600,91.0,500000,0.0,1.0
LIFESTYLE,3.5,292,20.0,50000,0.0,3.1
GAME,3.9,29505,69.0,1000000,0.0,3.0
FAMILY,4.2,106,71.0,50000,0.0,1.8
GAME,4.6,169,13.0,1000,0.99,4.0
GAME,4.7,6187,33.0,100000,0.0,1.15
FAMILY,4.5,659,3.3,10000,3.99,1.0
VIDEO_PLAYERS,3.8,3965,6.4,100000,0.0,2.2
FAMILY,4.5,4656,20.0,100000,2.99,1.4
GAME,3.7,80,7.6,10000,0.0,5.0
FAMILY,3.5,205,62.0,50000,0.0,1.0
GAME,4.1,155,32.0,1000,2.49,1.2
GAME,3.9,168,49.0,5000,1.99,1.00
FAMILY,4.1,413,0.93,10000,0.0,1.6
GAME,4.6,1475,34.0,10000,4.99,1.0
FAMILY,4.4,148826,49.0,1000000,0.0,1.4
PERSONALIZATION,4.6,354,24.0,10000,0.99,1.6
FAMILY,4.0,1699,72.0,100000,0.0,1.0
TOOLS,4.4,11393,8.7,1000000,0.0,3.9
FAMILY,4.4,925,40.0,10000,1.99,1.5
PRODUCTIVITY,4.0,736,6.8,50000,0.0,1.80
FAMILY,3.8,45,47.0,10000,2.49,1.2
SHOPPING,3.9,671,3.6,100000,0.0,1.1
GAME,,4,2.9,100,0.99,1
TOOLS,3.7,274,26.0,50000,0.0,6.1
SPORTS,4.2,6,1.3,100,3.02,2.0
GAME,4.1,140,45.0,50000,0.0,1.64
PRODUCTIVITY,4.3,30443,0.54,1000000,0.0,0.54
BOOKS_AND_REFERENCE,4.3,22401,4.6,500000,0.0,6.1
PERSONALIZATION,4.1,324,0.313,5000,6.99,5.1
PERSONALIZATION,4.4,14832,8.6,1000000,0.0,4.6
LIFESTYLE,3.8,1140,0.746,100000,0.0,0.11
TOOLS,4.3,2059,10.0,100000,0.0,1.1
DATING,4.4,59,38.0,5000,0.0,1.0
SOCIAL,3.8,826,5.1,500000,0.0,2.0
PHOTOGRAPHY,4.5,180697,6.1,10000000,0.0,2.2
FAMILY,3.8,589,28.0,100000,0.0,8.3
TOOLS,3.9,145,5.2,50000,0.0,1.0
GAME,4.0,428268,22.0,10000000,0.0,1.8
PHOTOGRAPHY,4.5,7590099,34.0,100000000,0.0,9.40
PERSONALIZATION,4.4,38,51.0,1000,0.0,1.0
PERSONALIZATION,4.6,29,39.0,100,1.99,1.0
PERSONALIZATION,,0,2.1,5,1.49,2018
PERSONALIZATION,5.0,4,12.0,100,0.99,2018
PERSONALIZATION,4.4,230,11.0,1000,1.49,4.4
TOOLS,4.4,2026,7.5,100000,0.0,1.9
SOCIAL,4.2,86956,24.0,1000000,0.0,5.0
PERSONALIZATION,4.0,13,19.0,100,0.99,7
PERSONALIZATION,,5,1.9,10,1.49,1.2
PERSONALIZATION,4.2,35,5.2,500,1.49,1.33
PERSONALIZATION,,0,2.3,1,1.49,1.0
PERSONALIZATION,4.6,5,4.5,100,1.49,1.1
TOOLS,4.1,1129,1.7,10000,0.99,1.28
PERSONALIZATION,,1,1.8,10,0.99,1.0
PERSONALIZATION,3.9,35,6.3,5000,0.0,0.9
PERSONALIZATION,,0,5.5,0,1.49,1.1
PERSONALIZATION,4.4,8,6.2,100,1.49,1.1
PERSONALIZATION,3.9,213,28.0,10000,0.0,1.4
PERSONALIZATION,4.6,5,4.3,100,1.49,1.3
PERSONALIZATION,4.5,216,5.7,50000,0.0,1.4
PERSONALIZATION,3.0,12,4.9,500,0.0,2.0
PERSONALIZATION,,0,3.6,1,1.49,1.2
PERSONALIZATION,3.6,53,2.0,5000,0.0,1
PERSONALIZATION,4.4,147,16.0,10000,0.0,1.0
PERSONALIZATION,4.6,3062845,7.4,100000000,0.0,4.0
PERSONALIZATION,,13,4.3,1000,0.0,1.1
TOOLS,4.3,1162,7.3,100000,0.0,2.5
PERSONALIZATION,5.0,1,60.0,100,0.99,1.0
PERSONALIZATION,4.5,16,3.7,1000,0.0,2.3
PERSONALIZATION,4.1,169,24.0,10000,0.0,7
PERSONALIZATION,4.1,720,10.0,100000,0.0,12
PERSONALIZATION,4.5,61,7.5,10000,0.0,4
PERSONALIZATION,,3,13.0,500,0.0,1.0
PERSONALIZATION,4.8,24,3.6,1000,0.0,2.244
TOOLS,4.5,502,2.0,10000,0.0,1.5
PERSONALIZATION,,12,14.0,1000,0.0,1.0
TOOLS,4.0,164,2.3,10000,0.0,1.0
PERSONALIZATION,4.8,18,16.0,5000,1.49,5.1
COMMUNICATION,3.7,21,20.0,500,0.99,1.0
FAMILY,,0,21.0,10,0.99,1.0
PERSONALIZATION,4.5,189,2.1,10000,0.0,1.1
NEWS_AND_MAGAZINES,4.7,143,26.0,5000,0.99,4.1
GAME,2.7,1486,14.0,100000,0.0,2.4
LIFESTYLE,2.9,6627,18.0,500000,0.0,2.5
FAMILY,4.2,69126,60.0,1000000,0.0,2.9
PERSONALIZATION,4.2,4383,7.1,500000,0.0,2.7
LIFESTYLE,2.6,680,60.0,50000,0.0,1.0
FAMILY,4.1,24668,40.0,1000000,0.0,1.0
GAME,4.3,13788,55.0,1000000,0.0,1.1
GAME,4.2,26893,20.0,1000000,0.0,1.0
FAMILY,4.4,591411,19.0,10000000,0.0,3.4
PRODUCTIVITY,4.0,2194,17.0,500000,0.0,2.0
COMICS,4.4,2012,3.6,100000,0.0,1.3
FAMILY,4.1,41,4.5,1000,0.0,1.1
FAMILY,4.8,4,3.6,100,1.49,1.3
VIDEO_PLAYERS,2.2,32,33.0,5000,0.0,3.1
FAMILY,3.8,156,43.0,10000,0.0,2.0
TOOLS,3.1,657,21.0,100000,0.0,3.49
PHOTOGRAPHY,3.1,133,2.3,10000,0.0,1.0
TOOLS,3.8,4264,14.0,500000,0.0,2.6
MAPS_AND_NAVIGATION,3.8,114,19.0,10000,0.0,1.8
GAME,4.3,21107,95.0,100000,0.0,1.2
TOOLS,3.6,3642,29.0,100000,0.0,3.2
TOOLS,4.0,495971,2.7,50000000,0.0,2.3
TOOLS,,20,16.0,1000,0.0,2.100
TOOLS,4.5,2,3.9,50,1.76,5.0
FOOD_AND_DRINK,1.8,17,3.1,10000,0.0,1.6
FINANCE,4.7,460,12.0,10000,0.0,5.9
FAMILY,3.9,159,39.0,5000,0.0,2.3
MAPS_AND_NAVIGATION,4.4,75,26.0,5000,0.0,3.002
TOOLS,3.6,7357,19.0,100000,0.0,4.4
FAMILY,4.5,4443407,67.0,100000000,0.0,2.347
FAMILY,4.4,944,12.0,100000,0.0,3.1
BOOKS_AND_REFERENCE,3.9,54,2.8,10000,0.0,1.11
FAMILY,3.9,8,6.2,1000,0.0,1.1
FAMILY,3.8,39,2.9,1000,0.0,1.0
FAMILY,,2,5.9,1000,0.0,1.0
FAMILY,4.2,5369,60.0,500000,0.0,1.0
FAMILY,4.1,135,4.9,1000,4.84,2.03
FAMILY,4.4,1852,62.0,100000,0.0,1.0
FAMILY,4.4,6367,96.0,1000000,0.0,1.4
BOOKS_AND_REFERENCE,,11,9.2,5000,0.0,1.5
FAMILY,,5,2.8,1000,0.0,1.0
BOOKS_AND_REFERENCE,5.0,4,3.9,1000,0.0,1.0
FAMILY,4.1,17,2.2,10000,0.0,1.22
TOOLS,4.5,259,0.203,10000,0.0,1.1
GAME,4.3,5682,37.0,50000,1.99,1.1
BOOKS_AND_REFERENCE,,0,3.7,5,0.0,1.0
FAMILY,3.9,169,7.7,10000,0.0,1.0
FAMILY,3.5,6,2.9,1000,0.0,1.0
BOOKS_AND_REFERENCE,,0,29.0,10,0.0,1.0
FAMILY,3.2,513,34.0,100000,0.0,1.0
BOOKS_AND_REFERENCE,,6,3.6,1000,0.0,1.2
FAMILY,,1,5.7,50,0.0,1.0
FAMILY,,4,64.0,1,0.0,1.0
FAMILY,,0,3.4,10,0.0,1.0
PRODUCTIVITY,3.3,48,0.058,5000,0.0,1.0
TOOLS,4.8,17,6.7,50,0.0,2
GAME,4.5,7687,23.0,100000,1.99,2.3
SHOPPING,3.7,23,8.9,5000,0.0,2.1
FAMILY,4.8,51068,57.0,100000,4.99,1.574
SOCIAL,4.7,144,12.0,1000,0.0,1.0
FINANCE,4.3,90,13.0,5000,0.0,5.9
FAMILY,3.8,2925,93.0,50000,4.77,6.2
FAMILY,4.1,1655,83.0,100000,0.0,1.1
PERSONALIZATION,4.7,25,41.0,100,0.99,1.0
PRODUCTIVITY,,5,28.0,100,0.0,1.0
FAMILY,4.2,1696,2.7,100000,0.0,1.4
FAMILY,,2,4.4,500,0.0,1.0
FAMILY,,1,3.4,10,0.0,1.0
TOOLS,4.6,7775146,17.0,500000000,0.0,4.5
PERSONALIZATION,4.2,11244,2.2,1000000,0.0,1.1
TOOLS,4.6,14224,7.1,1000000,0.0,1.0
FAMILY,4.2,5178,20.0,1000000,0.0,1.7
PERSONALIZATION,4.1,47,0.026,1000,4.99,1.0
PHOTOGRAPHY,4.4,972574,45.0,100000000,0.0,2.31
GAME,4.5,464900,33.0,10000000,0.0,2.0
PRODUCTIVITY,4.1,15097,14.0,1000000,0.0,1.6
PERSONALIZATION,4.5,90,37.0,1000,1.99,12.6
TOOLS,4.3,146913,24.0,100000000,0.0,3.5
TOOLS,4.4,22503,6.5,1000000,0.0,4.1
FAMILY,4.3,1503544,40.0,50000000,0.0,1.07
GAME,4.3,5785,93.0,500000,0.0,1.2
TOOLS,3.8,560,0.314,50000,0.0,2.1
PRODUCTIVITY,3.9,334,3.7,50000,0.0,1.07
FAMILY,4.1,16111,57.0,1000000,0.0,1.11
SHOPPING,4.8,14,2.7,100,2.49,2.10
LIFESTYLE,4.0,2789775,68.0,100000000,0.0,9.5
NEWS_AND_MAGAZINES,4.7,174827,25.0,10000000,0.0,6.7
GAME,4.0,69115,2.4,10000000,0.0,1.36
FAMILY,3.7,38606,96.0,1000000,0.0,5.9
FAMILY,4.1,75,2.2,10000,0.0,0.1
COMMUNICATION,3.0,1820,33.0,100000,0.0,1.1
FAMILY,3.0,480,19.0,1000000,0.0,2.40
LIFESTYLE,4.0,53144,21.0,5000000,0.0,4.8
PRODUCTIVITY,4.6,22775,26.0,10000000,0.0,3.8
PRODUCTIVITY,4.1,370,29.0,500000,0.0,2.1
TOOLS,4.7,963,3.7,10000,2.99,3.4
TOOLS,3.5,21592,25.0,10000000,0.0,10.1
PARENTING,3.1,103,28.0,10000,0.0,1.0
COMMUNICATION,3.9,138129,2.1,10000000,0.0,1.5
COMMUNICATION,4.2,6454,15.0,5000000,0.0,1.5
GAME,4.4,17988,7.9,100000,4.99,1.06
FAMILY,4.4,1771,46.0,10000,4.99,1.1
MAPS_AND_NAVIGATION,3.3,8465,8.9,10000000,0.0,1.0
EVENTS,4.8,48,13.0,1000,0.0,8.8
FAMILY,4.2,146,20.0,5000,5.99,1.1
TOOLS,3.8,21943,2.3,5000000,0.0,30
GAME,4.1,1468,4.9,10000,4.99,0.16
GAME,4.2,131,23.0,1000,1.61,1.6
FAMILY,4.2,1088,35.0,10000,0.99,1.2
AUTO_AND_VEHICLES,4.0,1981,18.0,100000,0.0,2.15
LIFESTYLE,4.2,29756,45.0,1000000,0.0,1.1
MAPS_AND_NAVIGATION,3.8,82,5.6,5000,0.0,5.1
FINANCE,4.5,1057,4.5,50000,0.0,1.7
PRODUCTIVITY,3.7,10490,5.8,1000000,0.0,3.1
FINANCE,4.3,16600,24.0,1000000,0.0,1.7
SOCIAL,4.5,67611,21.0,1000000,0.0,263.16
COMMUNICATION,4.1,6601,31.0,500000,0.0,4.7
FAMILY,4.2,233588,74.0,5000000,0.0,3.8
FAMILY,4.5,166886,21.0,10000000,0.0,3.6
VIDEO_PLAYERS,4.0,93638,7.3,10000000,0.0,3.2
COMMUNICATION,4.4,3648765,3.3,100000000,0.0,11.4
FAMILY,4.3,83977,11.0,500000,0.0,1.2
COMMUNICATION,4.7,573,53.0,10000,0.0,4.2
LIFESTYLE,4.1,124,37.0,5000,3.99,3.04
TRAVEL_AND_LOCAL,3.2,852,37.0,100000,0.0,2.2
MAPS_AND_NAVIGATION,3.9,139,2.0,10000,0.0,1.21
LIFESTYLE,4.1,438,26.0,50000,0.0,2.0
TOOLS,3.4,784,42.0,50000,0.0,1.2
TRAVEL_AND_LOCAL,3.0,331,7.8,50000,0.0,1.1
PERSONALIZATION,4.6,655,3.5,100000,0.0,4.3
FAMILY,4.6,34,14.0,1000,0.0,1.3
TOOLS,4.1,3315,5.1,500000,0.0,1.0
BUSINESS,3.1,71,1.9,10000,0.0,1.0
FAMILY,3.4,1178,38.0,100000,0.0,1.0
PHOTOGRAPHY,4.2,2158,3.0,500000,0.0,1.0
TOOLS,4.2,26,2.2,5000,0.0,1.3
TOOLS,3.0,245,3.5,10000,0.0,1.1
FAMILY,2.4,210,4.0,10000,0.0,2.0
SOCIAL,4.1,568,27.0,100000,0.0,1.4
COMMUNICATION,2.9,83,13.0,10000,0.0,2.4
SOCIAL,4.0,712,21.0,100000,0.0,2.3
PRODUCTIVITY,4.0,198,3.5,50000,0.0,2.0
PRODUCTIVITY,3.8,24517,22.0,10000000,0.0,4.2
FAMILY,2.4,468,7.2,10000,0.0,0.0
PERSONALIZATION,4.4,5599,4.8,500000,0.0,2.0
FINANCE,3.7,52,13.0,5000,0.0,4.16
SOCIAL,4.3,241,7.5,10000,0.0,2.8
SOCIAL,4.6,4435,5.4,100000,0.0,1.0
FAMILY,4.2,11404,30.0,100000,0.0,1.0
FAMILY,3.6,906,0.196,100000,0.0,1.7
LIFESTYLE,4.0,889,16.0,100000,0.0,1.1
GAME,3.5,4575,3.8,500000,0.0,1.24
MAPS_AND_NAVIGATION,4.4,509,17.0,100000,0.0,1.0
TOOLS,2.5,20,26.0,5000,0.0,6.1
FAMILY,3.9,93,28.0,10000,0.0,3.0
GAME,4.2,109263,38.0,1000000,0.0,1.0
VIDEO_PLAYERS,4.2,192677,17.0,50000000,0.0,1.78
BOOKS_AND_REFERENCE,4.3,241,20.0,100000,0.0,1.0
FAMILY,4.1,182103,6.9,5000000,0.0,5.0
GAME,4.2,16876,59.0,1000000,0.0,3.0
GAME,3.9,6121,61.0,500000,0.0,2.1
VIDEO_PLAYERS,3.8,165723,1.6,10000000,0.0,7.5
VIDEO_PLAYERS,4.2,3546,3.7,1000000,0.0,2.0
VIDEO_PLAYERS,3.7,430643,4.9,50000000,0.0,2.5
BUSINESS,4.3,542,30.0,100000,0.0,1.23
VIDEO_PLAYERS,4.6,9879473,40.0,100000000,0.0,7.2
FAMILY,3.3,4288,10.0,500000,0.0,1.2
HEALTH_AND_FITNESS,3.6,124,100.0,5000,0.0,2.0
GAME,4.1,2399,42.0,100000,0.0,1.0
FAMILY,3.8,3478,95.0,1000000,0.0,4.0
PHOTOGRAPHY,3.3,582,28.0,100000,0.0,1.1
FAMILY,4.5,15924,4.2,100000,7.99,1.2
PERSONALIZATION,4.8,3283,3.6,100000,0.0,4.1
AUTO_AND_VEHICLES,,2,17.0,50,9.99,3.0
SOCIAL,4.3,903,4.6,1000000,0.0,1.76
PERSONALIZATION,4.5,292,7.9,10000,0.0,1.0
PERSONALIZATION,3.8,87,4.3,10000,0.0,1.1
SOCIAL,4.7,594,3.6,1000,0.0,1.0
FAMILY,4.2,450,5.9,100000,0.0,6
FAMILY,4.3,2772,35.0,500000,0.0,1.0
FAMILY,4.7,1997,1.8,5000,0.0,1.0
PERSONALIZATION,4.7,127,9.5,5000,0.0,8.0
FAMILY,3.6,309,19.0,10000,0.0,1.1
GAME,4.2,2460,25.0,50000,0.99,1.04
GAME,4.0,1744,37.0,100000,0.0,1.0
FAMILY,4.3,589,3.6,100000,0.0,1.8
FAMILY,4.7,1667,17.0,10000,14.99,1.0
FAMILY,4.6,856,2.9,5000,0.0,1.0
PERSONALIZATION,4.8,51,3.4,5000,0.0,1.1
WEATHER,3.8,11,2.9,500,1.99,1.0
WEATHER,4.2,29,3.5,5000,0.0,1.1
PRODUCTIVITY,4.5,1507205,37.0,100000000,0.0,11.1
SOCIAL,3.2,38,1.5,1000,0.99,1.935
FAMILY,4.3,2142,47.0,50000,0.0,1.5
WEATHER,4.4,2371543,11.0,50000000,0.0,5.9
VIDEO_PLAYERS,1.9,105,9.1,10000,0.0,4.0
COMMUNICATION,4.4,137144,32.0,10000000,0.0,2.18
VIDEO_PLAYERS,2.5,24,16.0,5000,0.0,4.0
TOOLS,4.2,2447,2.5,100000,0.0,1.19
TOOLS,4.3,352097,6.7,10000000,0.0,3.8
TOOLS,4.0,75,1.9,10000,0.0,2.5
BUSINESS,4.8,492,27.0,10000,0.0,1.7
TOOLS,4.2,12121,0.079,1000000,0.0,1.12
PERSONALIZATION,4.7,65,7.6,5000,0.0,1.0
LIFESTYLE,4.4,101957,8.2,5000000,0.0,2.11
FOOD_AND_DRINK,4.4,205,33.0,50000,0.0,2.2
TOOLS,4.4,95080,3.1,10000000,0.0,1.6
COMMUNICATION,4.6,1130966,27.0,10000000,0.0,1.9
PHOTOGRAPHY,4.2,348,1.5,10000,0.0,3.1
PERSONALIZATION,4.0,1546,4.5,10000,1.99,3.1
GAME,4.2,1092106,43.0,50000000,0.0,2.400
TOOLS,4.5,40617,21.0,5000000,0.0,65.0
ART_AND_DESIGN,4.7,5754,4.4,100000,0.0,2.1
TOOLS,4.2,54063,16.0,5000000,0.0,2.7
TOOLS,4.4,1166,13.0,100000,0.0,8.8
FAMILY,3.2,37584,34.0,5000000,0.0,1.0
TOOLS,4.1,1925,8.3,100000,0.0,3.1
COMMUNICATION,4.0,142,2.5,50000,0.0,1.1
ART_AND_DESIGN,4.7,801,3.5,5000,1.99,2.1
TOOLS,4.6,168487,6.4,10000000,0.0,4.01
TOOLS,4.6,20418,4.3,1000000,0.0,4.54
TOOLS,4.7,58366,6.3,1000000,0.0,1.0
ART_AND_DESIGN,4.8,1216,8.6,10000,1.99,1.0
TOOLS,4.6,4210,1.9,100000,0.0,1.5
TOOLS,4.2,12147,0.118,1000000,0.0,1.18
GAME,4.3,10806,49.0,5000000,0.0,1.5
FAMILY,3.3,355837,3.7,10000000,0.0,14.0
ART_AND_DESIGN,4.7,149,3.5,1000,1.99,1.2
FAMILY,4.5,22018,53.0,500000,0.0,2.6
PERSONALIZATION,4.0,126,8.0,10000,0.0,1.0
GAME,4.2,4878,27.0,100000,0.0,1.2
PERSONALIZATION,4.6,252,24.0,10000,0.99,1.6
PERSONALIZATION,4.7,32613,3.2,1000000,0.0,3.11
PERSONALIZATION,4.7,8642,3.7,500000,0.0,1.1
TOOLS,4.2,161,1.2,5000,0.99,1.62
TOOLS,4.3,514,8.4,50000,0.0,1.8
PERSONALIZATION,4.3,1714,31.0,100000,0.0,1.4
PERSONALIZATION,,3,9.6,50,2.99,1.0
GAME,4.5,24210,45.0,500000,0.0,1.091
GAME,4.4,12736,56.0,1000000,0.0,1.02
PERSONALIZATION,4.5,56,26.0,10000,0.99,1.6
BOOKS_AND_REFERENCE,4.6,586,17.0,100000,0.0,1.1
TOOLS,4.3,60,6.9,1000,3.99,4.4
GAME,4.5,3432,99.0,1000000,0.0,1.0
GAME,4.5,10748,47.0,1000000,0.0,4.0
PERSONALIZATION,3.9,916,36.0,100000,0.0,5
TRAVEL_AND_LOCAL,4.0,875,21.0,100000,0.0,3.5
FAMILY,2.7,1616,3.0,500000,0.0,7.0
FAMILY,4.5,18612,8.5,100000,1.49,1.57
TOOLS,4.0,88,2.0,10000,1.99,1.5
LIFESTYLE,2.9,2160,15.0,100000,0.0,1.6
FAMILY,4.6,5898,50.0,100000,0.0,3.3
FAMILY,4.4,38517,17.0,1000000,0.0,2.29
FAMILY,4.6,5227,1.9,500000,0.0,1.0
FAMILY,4.4,281448,70.0,10000000,0.0,1.5
FAMILY,4.4,1131937,41.0,100000000,0.0,2.4
FAMILY,4.2,721646,99.0,50000000,0.0,2.7
FAMILY,4.8,1499466,96.0,10000000,0.0,1.25
COMMUNICATION,4.3,4188345,16.0,100000000,0.0,5.29
GAME,4.3,285814,84.0,10000000,0.0,3.5
TOOLS,4.6,351267,5.0,10000000,0.0,3.1
TOOLS,4.6,16936,5.0,1000000,0.0,2.94
GAME,4.1,74842,99.0,5000000,0.0,1.7
GAME,4.4,45871,99.0,5000000,0.0,1.6
TOOLS,4.5,5180480,26.0,100000000,0.0,6.11
FAMILY,4.6,4421,37.0,50000,2.99,1.77
TOOLS,4.6,387958,9.0,10000000,0.0,5.6
GAME,4.0,229329,88.0,10000000,0.0,2.14
FAMILY,4.5,97071,87.0,5000000,0.0,0.1
FAMILY,4.2,853495,78.0,50000000,0.0,1.0
FAMILY,3.9,5894,67.0,1000000,0.0,1.0
TOOLS,4.5,295430,1.4,10000000,0.0,1.26
GAME,4.3,121612,59.0,1000000,0.0,1.0
PHOTOGRAPHY,4.4,1075016,47.0,100000000,0.0,4.21
FAMILY,4.2,367951,76.0,5000000,0.0,2.2
GAME,3.9,1987,62.0,100000,0.0,1.8
GAME,4.1,650114,80.0,10000000,0.0,3.11
TOOLS,2.2,605,3.8,1000000,0.0,02.02
GAME,4.2,41444,56.0,1000000,0.0,1.0
FAMILY,4.2,62301,72.0,5000000,0.0,1.60
LIFESTYLE,2.8,405,25.0,50000,0.0,4.2
GAME,3.9,145,79.0,10000,0.0,1.7
FAMILY,4.3,3976,98.0,100000,0.0,1.1
PERSONALIZATION,4.8,201,68.0,1000,1.49,1.2
GAME,4.3,1655,91.0,100000,0.0,1.6
GAME,4.1,11258,44.0,500000,0.0,1.25
GAME,4.2,11408,96.0,1000000,0.0,4.1
GAME,4.4,306,61.0,10000,0.0,2.0
FAMILY,4.6,99,19.0,10000,0.0,1.8
PERSONALIZATION,4.3,71829,8.8,5000000,0.0,4.16
GAME,4.3,13604,96.0,1000000,0.99,2.4
PHOTOGRAPHY,3.8,142,7.7,10000,0.0,1.8
MEDICAL,,24,10.0,100,5.99,1.0
PERSONALIZATION,3.8,24198,2.2,1000000,0.0,1.0
GAME,3.9,24697,16.0,500000,0.0,1.5
COMMUNICATION,,0,5.7,10,19.99,1.3
GAME,4.3,8537,29.0,100000,0.0,1.1
GAME,4.3,180,24.0,5000,0.0,2.0
PERSONALIZATION,4.3,29540,4.3,1000000,0.0,2.0
FAMILY,4.1,133,48.0,10000,0.0,1.0
PERSONALIZATION,4.2,63699,2.3,5000000,0.0,1.1
HEALTH_AND_FITNESS,4.9,272172,13.0,10000000,0.0,1.0
HEALTH_AND_FITNESS,4.5,1886,7.6,500000,0.0,3.2
FAMILY,4.6,253115,99.0,10000000,0.0,1.6
FAMILY,3.8,10,22.0,1000,0.0,1.0
HEALTH_AND_FITNESS,4.7,55571,12.0,1000000,0.0,1.23
FAMILY,4.5,384602,88.0,10000000,0.0,1.21
FAMILY,4.7,227401,91.0,5000000,0.0,1.5
FAMILY,4.5,596628,99.0,10000000,0.0,3.39
HEALTH_AND_FITNESS,4.8,69279,10.0,10000000,0.0,1.1
FAMILY,4.6,3881752,57.0,100000000,0.0,2.21
VIDEO_PLAYERS,4.3,1628,18.0,100000,0.0,4.1
HEALTH_AND_FITNESS,4.8,3908,33.0,100000,0.0,1.5
HEALTH_AND_FITNESS,3.4,2105,8.2,100000,0.0,2.1
GAME,4.4,2610328,46.0,100000000,0.0,2.6
FAMILY,4.5,2634605,63.0,10000000,0.0,3.0
VIDEO_PLAYERS,4.4,32,0.239,5000,0.0,1.8
GAME,4.2,829753,48.0,50000000,0.0,4.9
FAMILY,4.3,111,48.0,10000,0.0,1.13
SHOPPING,3.8,454,18.0,100000,0.0,1.1
FAMILY,3.9,2371,8.3,500000,0.0,3.9
FAMILY,4.3,96,54.0,10000,0.0,1.1
FAMILY,4.2,9,30.0,1000,0.0,1.0
FAMILY,4.5,630,8.3,10000,1.59,3.9
HEALTH_AND_FITNESS,4.8,527,23.0,100000,0.0,2.01
FINANCE,,3,11.0,500,0.0,4.17
HEALTH_AND_FITNESS,4.6,2067,8.4,50000,0.0,2.0
GAME,4.2,3846378,82.0,50000000,0.0,2.8
TOOLS,4.2,533,5.0,10000,0.0,2.8
PHOTOGRAPHY,4.0,5967,17.0,1000000,0.0,2.0
LIFESTYLE,,3,37.0,1000,0.0,1.2
GAME,4.3,1218055,45.0,100000000,0.0,1.5
HEALTH_AND_FITNESS,4.8,793,40.0,10000,0.0,1.0
HEALTH_AND_FITNESS,4.1,27501,7.0,1000000,0.0,5.1
HEALTH_AND_FITNESS,4.7,21,3.8,1000,0.0,2.0
FAMILY,,9,22.0,1000,0.0,2.7
HEALTH_AND_FITNESS,4.8,18604,15.0,1000000,0.0,1.0
HEALTH_AND_FITNESS,4.0,12906,8.5,1000000,0.0,1.01
HEALTH_AND_FITNESS,3.5,224,0.371,10000,0.0,1.2
TOOLS,3.8,40934,5.2,1000000,0.0,18
TOOLS,3.3,4786,13.0,500000,0.0,1.2
GAME,3.7,42529,92.0,500000,1.99,2.8
TOOLS,3.3,472,2.0,100000,0.0,1.3
TOOLS,3.4,29854,5.0,1000000,0.0,5.0
FAMILY,1.8,3270,1.8,500000,0.0,1.0
FAMILY,1.6,402,1.7,100000,0.0,1.0
LIFESTYLE,1.9,71,24.0,5000,0.0,1.0
TOOLS,3.6,41,23.0,10000,0.0,1.0
TOOLS,3.4,7816,5.1,1000000,0.0,1.1
TOOLS,3.2,409,7.9,50000,0.0,1.0
TOOLS,2.5,362,7.8,100000,0.0,67
TOOLS,4.7,147,4.2,10000,0.0,1.3
TOOLS,2.6,60,18.0,10000,0.0,2.1
TOOLS,2.8,48,3.3,10000,0.0,0.0
TOOLS,3.9,3043,7.7,100000,0.0,1.3
BOOKS_AND_REFERENCE,4.2,27,3.1,5000,0.0,1.1
TOOLS,3.9,336,27.0,50000,0.0,6.1
PRODUCTIVITY,4.0,11,0.22,5000,0.0,13112015
TOOLS,3.5,383,26.0,50000,0.0,6.1
TOOLS,3.1,3263,3.0,1000000,0.0,1.17
TOOLS,3.7,1041,28.0,100000,0.0,6.1
TOOLS,3.6,126,11.0,10000,0.0,1.1072
LIFESTYLE,3.4,377,6.1,100000,0.0,1.1
TOOLS,4.0,448,26.0,100000,0.0,6.1
TOOLS,3.7,822,5.0,50000,0.0,1.1
BUSINESS,1.7,84,2.1,10000,0.0,1.0
PRODUCTIVITY,2.4,166,6.1,10000,0.0,1.1
LIFESTYLE,4.3,45,2.2,10000,0.0,0.8
NEWS_AND_MAGAZINES,4.2,23291,14.0,1000000,0.0,3.1
FAMILY,3.3,353,2.3,100000,0.0,1.0
TOOLS,4.1,114340,28.0,10000000,0.0,5.7
PERSONALIZATION,4.1,66473,3.0,1000000,0.0,3.8
HOUSE_AND_HOME,3.4,1450,9.7,100000,0.0,2.4
TOOLS,3.0,1298,3.4,100000,0.0,1.0
FAMILY,3.0,119,3.9,50000,0.0,1.0
TOOLS,2.2,32,9.4,1000,0.0,1.1
TOOLS,3.7,332,26.0,50000,0.0,6.1
TOOLS,3.7,566,27.0,100000,0.0,6.1
PHOTOGRAPHY,4.8,130,4.4,1000,9.99,3.1
TOOLS,3.7,163,26.0,10000,0.0,6.1
TOOLS,3.6,3632,3.2,1000000,0.0,11
TOOLS,3.7,9514,7.0,500000,0.0,7
PRODUCTIVITY,3.8,5107,1.4,500000,0.0,1.6
TOOLS,3.7,9221,1.7,1000000,0.0,2.2
TOOLS,4.2,1586,1.5,500000,0.0,1.0
COMMUNICATION,4.1,121113,39.0,10000000,0.0,1.4
COMMUNICATION,4.6,2265084,6.1,50000000,0.0,5.22
TOOLS,4.1,14491,4.3,1000000,0.0,2.1
HEALTH_AND_FITNESS,3.9,1075,8.3,50000,2.99,2.1
TOOLS,3.8,208,0.73,50000,0.0,1.0
COMMUNICATION,4.0,8769,2.1,1000000,0.0,1.1
WEATHER,4.5,3005,26.0,10000,2.99,7.1
PRODUCTIVITY,4.6,3362,0.756,50000,0.0,1.7
PRODUCTIVITY,4.1,9914,3.2,1000000,0.0,1.4
TOOLS,4.4,1774,4.1,10000,1.99,4.4
COMICS,3.7,705,20.0,50000,0.0,1.3
TOOLS,3.9,18751,3.6,1000000,0.0,3.6
COMMUNICATION,3.9,107,44.0,10000,0.0,1.0
WEATHER,4.5,25243,26.0,100000,2.99,4.34
GAME,4.5,100,17.0,1000,3.99,1.2
TOOLS,4.4,319,1.1,10000,2.99,2.0
PRODUCTIVITY,4.3,52677,2.9,1000000,0.0,3.3
FAMILY,4.5,118,24.0,10000,0.0,6.3
VIDEO_PLAYERS,4.7,8696,14.0,100000,0.0,2.1
PRODUCTIVITY,4.7,10672,6.9,100000,0.0,2.1
BUSINESS,4.1,7,12.0,1000,0.0,3.3
TOOLS,3.3,999,0.091,100000,0.0,3.2
SOCIAL,4.2,204,9.4,5000,0.99,1.4
TOOLS,4.1,6267,1.7,1000000,0.0,2.1
PRODUCTIVITY,3.4,16,0.293,100,6.49,1.0
GAME,4.9,37302,35.0,500000,0.0,1.3
WEATHER,4.5,3252,3.8,50000,0.0,1.2
PRODUCTIVITY,4.1,66,0.017,1000,1.29,1.0
LIFESTYLE,4.4,317,0.074,50000,0.0,3.0
BUSINESS,4.3,29331,20.0,5000000,0.0,1.12
TOOLS,4.4,457,1.1,10000,2.99,3.0
TOOLS,3.4,1555,4.1,100000,0.0,1.4
BUSINESS,4.1,1828,13.0,100000,0.0,2.13
TOOLS,3.5,315,8.3,100000,0.0,25
PRODUCTIVITY,3.8,1343,9.0,100000,0.0,1.0
FAMILY,4.6,20178,9.0,100000,0.0,1.7
TOOLS,5.0,2,3.3,10,0.99,1.05
SHOPPING,4.2,20476,28.0,1000000,0.0,5.6
FAMILY,4.0,29708,19.0,1000000,0.0,3.1
VIDEO_PLAYERS,3.9,39495,59.0,5000000,0.0,1.1
FAMILY,3.7,464,1.9,50000,0.0,1.0
FAMILY,4.3,2171,12.0,100000,0.0,1.1
PRODUCTIVITY,1.9,63,1.8,5000,0.0,2.0
GAME,4.2,652,30.0,10000,0.0,1.0
GAME,4.2,960,18.0,50000,0.0,1.0
GAME,4.3,30002,29.0,1000000,0.0,2.3
FAMILY,4.4,5262,26.0,100000,0.0,1.1
GAME,4.0,41759,12.0,1000000,0.0,2.4
GAME,4.2,4569,12.0,100000,0.99,2.4
GAME,4.3,18277,17.0,1000000,0.0,2.0
GAME,4.0,721,18.0,50000,0.0,1.3
GAME,4.3,1776,26.0,50000,0.0,2.3
GAME,4.0,1417,17.0,100000,0.0,1.3
GAME,3.7,8581,12.0,1000000,0.0,1.0
TOOLS,4.1,19,0.317,1000,0.0,2.0
FAMILY,3.9,109,7.5,10000,0.0,1.0
AUTO_AND_VEHICLES,4.4,64,66.0,1000,0.0,1.0
BOOKS_AND_REFERENCE,4.5,14,30.0,1000,0.0,2.2
GAME,3.9,2588,26.0,100000,0.0,1.7
GAME,4.2,358,15.0,10000,0.0,1.1
GAME,4.5,804,27.0,10000,0.0,1.0
GAME,4.1,533,39.0,10000,0.0,1.0
BOOKS_AND_REFERENCE,4.7,263,9.1,10000,0.0,2.0
AUTO_AND_VEHICLES,,0,13.0,10,0.0,1255162018
VIDEO_PLAYERS,4.4,238459,35.0,10000000,0.0,3.1
EVENTS,4.7,120,5.1,10000,0.0,2.5
FAMILY,4.7,557,6.7,10000,0.0,1.0
GAME,4.0,17876,37.0,1000000,0.0,1.8
PHOTOGRAPHY,3.9,4726,3.9,500000,0.0,1.0
TOOLS,,0,4.0,100,0.0,1.0
SPORTS,3.8,926,7.6,50000,0.0,1.0
GAME,4.4,14,6.6,1000,0.0,0.0
VIDEO_PLAYERS,4.5,74531,32.0,5000000,0.0,2.12
BUSINESS,,1,2.9,1000,0.0,11.0
SHOPPING,3.8,208,0.078,10000,0.0,1.3
PHOTOGRAPHY,3.5,77,1.2,1000,19.99,1.1
PHOTOGRAPHY,4.2,165224,15.0,10000000,0.0,2.1
NEWS_AND_MAGAZINES,4.7,210,18.0,10000,0.0,4.29
HEALTH_AND_FITNESS,2.0,136,15.0,10000,0.0,1.0
FAMILY,4.3,726,19.0,5000,4.99,3.8
COMICS,2.8,5,4.1,100,0.0,1.0
PHOTOGRAPHY,4.0,130063,5.6,10000000,0.0,3.31
FAMILY,3.9,12,3.5,1000,0.0,1.0
MEDICAL,4.2,4559,6.4,100000,0.0,117
PHOTOGRAPHY,3.4,30,3.0,10000,0.0,5.1
MEDICAL,4.5,93,0.924,10000,0.0,1.1
FINANCE,4.7,51,11.0,1000,0.0,1.4
TOOLS,2.0,2221,4.9,5000000,0.0,1.8
TRAVEL_AND_LOCAL,,8,6.1,5000,0.0,8.3
MEDICAL,,5,0.902,100,5.0,1.3
SOCIAL,,2,53.0,100,0.0,1.16
SHOPPING,4.7,13,1.3,500,0.0,6.5
TOOLS,3.3,75,4.7,10000,0.0,1.3
NEWS_AND_MAGAZINES,4.1,20,3.1,5000,0.0,1.1
BUSINESS,,0,11.0,50,0.0,2.7
SHOPPING,,3,3.7,100,0.0,1.0
PHOTOGRAPHY,3.7,3396,0.266,500000,0.0,1.2
HEALTH_AND_FITNESS,,6,19.0,100,0.0,1.3
PHOTOGRAPHY,4.3,116769,2.0,10000000,0.0,1.43
PHOTOGRAPHY,3.9,38055,4.1,5000000,0.0,1.17
LIFESTYLE,5.0,7,3.4,1000,0.0,1.4
PHOTOGRAPHY,4.1,7479,13.0,1000000,0.0,5.4
NEWS_AND_MAGAZINES,4.8,46,46.0,1000,0.0,1.0
PHOTOGRAPHY,4.0,26530,3.9,1000000,0.0,2.3
BUSINESS,,0,11.0,100,0.0,2.7
PHOTOGRAPHY,3.8,6,3.5,1000,0.0,1.6
FAMILY,,3,11.0,100,0.0,1.0
GAME,4.1,94761,17.0,10000000,0.0,1.1
SPORTS,4.6,152653,17.0,10000000,0.0,3.0
BOOKS_AND_REFERENCE,4.1,52312,11.0,5000000,0.0,5.3
FAMILY,4.2,306652,64.0,10000000,0.0,4.6
LIFESTYLE,4.1,23453,10.0,1000000,0.0,2.0
PHOTOGRAPHY,4.3,50893,35.0,1000000,0.0,1.0
PHOTOGRAPHY,4.3,2215,12.0,500000,0.0,1.12
PHOTOGRAPHY,4.0,9013,2.4,1000000,0.0,4.0
COMMUNICATION,4.5,88,3.7,500,4.99,8.05
BOOKS_AND_REFERENCE,4.1,114,6.3,10000,0.0,2.0
GAME,3.8,164,22.0,10000,0.0,1.0
SPORTS,,0,10.0,1000,0.0,1.0
COMMUNICATION,4.5,185,3.7,5000,0.0,8.05
WEATHER,,0,4.6,500,0.0,1.0
PRODUCTIVITY,4.1,85,44.0,10000,0.0,2.7
TOOLS,,2,18.0,1000,0.0,1.0
BOOKS_AND_REFERENCE,3.9,20,9.7,10000,0.0,1.0
TOOLS,3.7,7,2.7,1000,0.0,3.0
TOOLS,,1,51.0,1000,0.0,1.0
FAMILY,4.5,623,47.0,5000,0.99,1.3
FAMILY,4.4,6738,56.0,100000,0.0,1.2
FINANCE,3.4,19,24.0,5000,0.0,9.0
TOOLS,,0,52.0,100,0.0,1.0
COMMUNICATION,,0,4.9,10,0.0,2.2
AUTO_AND_VEHICLES,,5,1.7,100,0.0,1.0
PRODUCTIVITY,2.3,3,16.0,1000,0.0,1.24
SHOPPING,4.7,68,6.5,10000,0.0,5.26
GAME,3.4,13,27.0,1000,0.0,1.1
BUSINESS,4.7,3,36.0,100,0.0,2.0
BOOKS_AND_REFERENCE,,0,5.2,1000,0.0,2.0
PRODUCTIVITY,,0,43.0,100,0.0,8.0
LIFESTYLE,5.0,3,8.6,50,0.0,1.0
PRODUCTIVITY,,1,2.0,100,0.0,1.0
WEATHER,,3,14.0,1000,0.0,1.0
FAMILY,,0,15.0,10,0.0,1.0
BUSINESS,,0,12.0,50,0.0,2.1
BUSINESS,,0,45.0,50,0.0,2.3
PRODUCTIVITY,,1,3.2,50,0.0,1.2
FAMILY,,3,62.0,500,0.0,1.35
PRODUCTIVITY,3.6,64,15.0,10000,0.0,4.2
SOCIAL,5.0,30,13.0,100,0.0,1.04
TOOLS,,3,18.0,100,0.0,1.0
BUSINESS,,3,1.7,100,0.0,1.2
LIBRARIES_AND_DEMO,4.3,375,15.0,10000,0.0,2.0
FINANCE,,0,2.9,100,0.0,3.1
BOOKS_AND_REFERENCE,,0,5.9,1000,0.0,1.0
BUSINESS,,0,4.2,5,0.0,30.0
BUSINESS,5.0,6,74.0,500,0.0,2.3
FAMILY,,0,1.7,1,0.99,1.1
BUSINESS,,0,47.0,10,0.0,2.4
BOOKS_AND_REFERENCE,4.1,295,6.9,50000,0.0,2.0
TOOLS,4.1,12,8.7,100,0.0,3.3
FAMILY,4.5,2931,0.818,100000,0.0,1.1
MEDICAL,,0,28.0,100,0.0,300000.0
MEDICAL,,0,29.0,100,0.0,300000.0
HEALTH_AND_FITNESS,3.4,5,59.0,1000,0.0,3.5
MEDICAL,,1,29.0,100,0.0,300000.0
MEDICAL,,0,29.0,50,0.0,300000.0
PERSONALIZATION,4.6,644,59.0,50000,0.0,1.20
MEDICAL,5.0,1,27.0,100,0.0,300000.0
MEDICAL,,0,29.0,50,0.0,300000.0
MEDICAL,,1,29.0,100,0.0,300000.0
FAMILY,,4,14.0,100,0.0,1.0
FAMILY,3.9,536,10.0,10000,0.0,2.0
TOOLS,3.9,7,0.081,100,4.99,1.2
MEDICAL,5.0,3,28.0,100,0.0,300000.0
FAMILY,4.1,1998,9.8,100000,0.0,4.0
MEDICAL,,0,29.0,100,0.0,300000.1
MEDICAL,5.0,5,28.0,100,0.0,300000.0
FAMILY,3.0,30,0.318,5000,0.0,1.2
COMMUNICATION,4.0,4,5.4,100,0.0,2.26
MEDICAL,1.0,1,28.0,50,0.0,300000.0
MEDICAL,,0,29.0,100,0.0,300000.0
MEDICAL,4.0,2,29.0,100,0.0,300000.0
MEDICAL,,0,29.0,100,0.0,300000.0
FAMILY,,10,3.0,100,0.0,1.0
MEDICAL,4.0,4,27.0,500,0.0,300000.0
MEDICAL,,1,29.0,50,0.0,300000.0
GAME,3.8,1088,86.0,100000,0.0,1.0
FAMILY,,3,22.0,50,0.0,1.1
MEDICAL,,0,29.0,1,0.0,300000.0
MEDICAL,,0,29.0,50,0.0,300000.1
MEDICAL,,0,29.0,100,0.0,300000.0
FAMILY,,2,16.0,100,0.0,1.0
MEDICAL,,3,27.0,100,0.0,300000.0
MEDICAL,,0,29.0,100,0.0,300000.0
HEALTH_AND_FITNESS,,5,5.7,10,0.0,1.0
SPORTS,3.5,1689,5.7,100000,0.0,1.5
MEDICAL,,0,29.0,100,0.0,300000.0
FAMILY,,11,2.0,100,0.0,1.1
MEDICAL,,1,29.0,50,0.0,300000.0
TOOLS,,0,20.0,1,0.0,1.0
MEDICAL,,0,28.0,50,0.0,300000.0
MEDICAL,2.6,5,27.0,100,0.0,300000.0
MEDICAL,,0,29.0,10,0.0,300000.1
GAME,3.4,256,9.1,50000,0.0,1.0
MEDICAL,,0,29.0,50,0.0,300000.1
MEDICAL,,0,29.0,100,0.0,300000.0
FAMILY,4.5,45458,35.0,1000000,0.0,1.5
ART_AND_DESIGN,3.4,486,5.9,100000,0.0,5.7
FAMILY,3.8,949,1.2,50000,0.0,4.9
FAMILY,3.0,76,39.0,5000,1.99,1.2
FAMILY,4.4,80927,27.0,1000000,0.0,7.2
FAMILY,4.0,51,3.2,1000,0.0,1.3
FAMILY,3.9,339,4.2,50000,0.0,6.2
FAMILY,4.6,116973,31.0,1000000,0.0,1.1
TOOLS,3.8,89,3.9,10000,0.0,3.0
FAMILY,3.8,3597,25.0,100000,0.0,1.0
MEDICAL,4.6,1976,69.0,50000,0.0,6.02
TOOLS,3.6,448,4.3,50000,0.0,1.9
PRODUCTIVITY,4.4,25627,9.8,1000000,0.0,132
BEAUTY,3.1,40,13.0,10000,0.0,20
MAPS_AND_NAVIGATION,4.2,55313,16.0,1000000,0.0,4.435
FAMILY,4.6,27,4.2,10000,0.0,1.1
TOOLS,4.0,97,99.0,5000,0.0,2.0
NEWS_AND_MAGAZINES,5.0,43,2.3,100,0.0,1.0
FAMILY,3.3,40,3.6,1000,0.0,1.0
PRODUCTIVITY,4.1,22,26.0,1000,0.0,1.5
PRODUCTIVITY,3.6,8,3.2,100,0.0,1.2
FAMILY,3.2,32,2.8,1000,0.0,1.0
PRODUCTIVITY,4.4,2087,8.3,100000,0.0,20
TOOLS,4.4,26,3.8,500,0.0,1.2
PRODUCTIVITY,4.5,41624,3.4,1000000,0.0,1.2
FAMILY,4.3,20,3.5,1000,0.0,0.33
PERSONALIZATION,4.7,1891,1.9,100000,0.0,10001008
FAMILY,4.4,8,3.3,5000,0.0,1.0
PHOTOGRAPHY,4.4,346681,7.1,10000000,0.0,2.0
SOCIAL,3.7,3,7.9,100,0.0,1.3
FAMILY,3.3,1407,1.4,100000,0.0,2.1
FAMILY,,3,1.8,100,0.0,2.2
PRODUCTIVITY,3.7,3,7.5,100,0.0,11.04
PHOTOGRAPHY,3.0,20,4.3,1000,2.99,1.4
PRODUCTIVITY,2.6,91,2.8,5000,0.0,0.0
TOOLS,,0,7.9,100,2.99,1.3
PRODUCTIVITY,3.5,43,48.0,1000,0.0,1.2
FAMILY,3.9,253,14.0,10000,0.0,1.1
FAMILY,4.6,71,5.7,500,2.49,1.8
LIFESTYLE,3.8,89,0.939,10000,0.0,2.3
FAMILY,4.6,361734,58.0,5000000,0.0,28.0
GAME,4.4,2975,42.0,50000,1.99,1.6
FAMILY,4.5,1564,35.0,50000,0.0,1.1
FAMILY,4.5,6750,43.0,100000,0.0,2.0
SOCIAL,4.7,3873,63.0,10000,0.0,1.8
FAMILY,4.4,74744,60.0,1000000,0.0,1.5
PHOTOGRAPHY,5.0,44,2.8,100,0.0,1.0
MAPS_AND_NAVIGATION,,0,3.2,10,0.0,1.0
COMMUNICATION,,0,4.2,100,0.0,4.3
FAMILY,2.8,107441,32.0,1000000,0.0,1.10
NEWS_AND_MAGAZINES,,0,22.0,10,0.0,4.0
FAMILY,4.6,31,7.3,500,0.0,0.1
FINANCE,2.8,135,5.3,10000,0.0,2.13
BOOKS_AND_REFERENCE,5.0,12,50.0,100,3.99,1.0
PHOTOGRAPHY,5.0,2,7.5,500,0.0,1.0
GAME,2.8,9,26.0,500,0.0,1.0
HOUSE_AND_HOME,,0,17.0,10,0.0,3.0
GAME,3.8,8,4.2,1000,0.0,1.1
FAMILY,4.1,22,31.0,1000,0.0,1.0
PHOTOGRAPHY,,1,7.6,100,0.0,1.0
VIDEO_PLAYERS,4.8,18,1.7,100,0.0,1.6
SHOPPING,5.0,9,0.169,10,0.0,18060104
FAMILY,5.0,1,63.0,10,4.99,1.0
AUTO_AND_VEHICLES,,0,7.7,10,0.0,1.0
SHOPPING,4.4,134,0.045,10000,0.0,1.2
SHOPPING,,1,6.6,100,0.0,1.0
COMMUNICATION,,5,14.0,100,0.0,1.0
LIFESTYLE,5.0,2,22.0,100,0.0,5
PERSONALIZATION,4.1,21,3.6,100,0.99,1.35
FAMILY,,0,8.4,50,0.0,2.0
ART_AND_DESIGN,4.8,48,25.0,5000,0.0,1.1
LIFESTYLE,,0,0.475,100,0.0,1.0
LIFESTYLE,,0,4.3,5,0.0,1.0
PERSONALIZATION,4.8,5,35.0,50,0.99,1.1
ART_AND_DESIGN,4.0,18,3.6,1000,0.0,1.1
BOOKS_AND_REFERENCE,,1,24.0,50,0.0,5.62
PERSONALIZATION,5.0,2,35.0,10,0.99,1.1
FAMILY,4.6,18893,91.0,100000,0.0,1.4
FOOD_AND_DRINK,,0,27.0,5,0.0,0.1
PERSONALIZATION,5.0,4,31.0,50,0.99,1.1
FAMILY,,0,2.7,5,0.0,1.0
PERSONALIZATION,,0,32.0,10,0.99,1.1
MAPS_AND_NAVIGATION,,0,27.0,10,0.0,1.0
FAMILY,4.5,26916,67.0,500000,0.0,2.7
FAMILY,5.0,1,8.2,10,0.0,1.2
PERSONALIZATION,,0,30.0,10,0.99,1.1
PERSONALIZATION,,0,3.9,100,0.0,2.0
NEWS_AND_MAGAZINES,,9,1.1,500,0.0,1.0
FAMILY,4.4,1031,48.0,100000,0.0,2.1
FAMILY,4.0,345,14.0,100000,0.0,1.3
FAMILY,,2,18.0,100,0.0,2.0
FAMILY,3.9,656,2.9,500000,0.0,2.0
PERSONALIZATION,4.1,585,4.4,50000,0.0,1.3
GAME,4.8,21,89.0,1000,0.0,0.46
FAMILY,4.3,734,13.0,10000,0.0,2.5
FAMILY,3.9,7,3.8,1000,0.0,568
PERSONALIZATION,4.5,37,15.0,5000,0.0,1.0
PERSONALIZATION,,1,15.0,100,0.0,1.0
FAMILY,3.7,165,25.0,10000,0.0,1.0
GAME,4.3,807226,34.0,10000000,0.0,3.0
PERSONALIZATION,4.2,322,6.8,50000,0.0,1.0
GAME,3.7,91,24.0,10000,0.0,3.2
LIFESTYLE,3.8,6,3.4,500,0.0,1.0
FAMILY,4.6,23971,24.0,1000000,0.0,39.231
GAME,,1,5.8,500,0.0,2.0
PERSONALIZATION,,0,16.0,100,0.0,1.0
PERSONALIZATION,3.3,25,46.0,1000,0.0,1.2
FAMILY,3.0,2,33.0,100,0.0,1.0
GAME,3.9,145931,43.0,10000000,0.0,5.3
GAME,4.2,1343106,56.0,10000000,0.0,1.180271
TOOLS,3.9,54,2.8,10000,0.0,1.0
PERSONALIZATION,,0,11.0,10,0.0,1.0
FAMILY,4.1,21,26.0,5000,0.0,1
PERSONALIZATION,,0,11.0,10,0.0,1.0
PERSONALIZATION,4.6,5,8.8,500,0.0,1.0
FAMILY,,3,6.2,1000,0.0,1.0
GAME,,4,7.6,1000,0.0,1.3
PERSONALIZATION,,0,4.9,10,0.0,1.0
FAMILY,,2,5.1,100,0.0,666
COMMUNICATION,4.4,9,4.2,5000,0.0,3.8
TOOLS,3.8,71,7.0,10000,0.0,2.0
GAME,4.4,243121,38.0,5000000,0.0,5.3
SOCIAL,,0,8.7,0,13.99,3.4
VIDEO_PLAYERS,4.9,23,2.1,100,0.0,1.1
FAMILY,3.6,33812,12.0,5000000,0.0,2.5
AUTO_AND_VEHICLES,4.3,47,58.0,1000,0.0,1.0
FAMILY,3.6,283,18.0,50000,0.0,1.3
GAME,4.1,82827,20.0,10000000,0.0,1.1
NEWS_AND_MAGAZINES,3.4,803,8.0,50000,0.0,3.7
FAMILY,4.5,302,3.0,50000,0.0,3.3
SPORTS,4.7,19,12.0,1000,0.0,2.0
SPORTS,4.5,459,8.0,10000,0.0,3.7
TRAVEL_AND_LOCAL,4.4,71,28.0,10000,0.0,1.8
FAMILY,4.3,218,29.0,10000,0.0,6.0
BOOKS_AND_REFERENCE,4.6,218451,4.7,10000000,0.0,3.2
TRAVEL_AND_LOCAL,4.2,1291,40.0,50000,0.0,5.29
BOOKS_AND_REFERENCE,4.8,57400,14.0,500000,0.0,1.6
BOOKS_AND_REFERENCE,4.8,445756,16.0,10000000,0.0,2.6
BOOKS_AND_REFERENCE,4.6,361780,9.7,10000000,0.0,4.1
BOOKS_AND_REFERENCE,4.6,41608,49.0,1000000,0.0,1.1
FAMILY,4.6,9952,3.7,100000,0.0,1.0
BOOKS_AND_REFERENCE,4.7,2319,27.0,50000,0.0,10.10
FAMILY,4.7,7878,3.6,1000000,0.0,4.0
FAMILY,4.8,6696,5.3,100000,0.0,3.1
PRODUCTIVITY,3.6,4832,2.4,1000000,0.0,2.1
FAMILY,4.7,173394,8.5,5000000,0.0,2.9
FAMILY,4.6,2654,6.7,100000,0.0,1.10
NEWS_AND_MAGAZINES,4.7,13620,9.0,500000,0.0,2.137
FAMILY,4.5,199,0.266,10000,0.0,1.0
BOOKS_AND_REFERENCE,4.5,12322,27.0,500000,0.0,3.0
BOOKS_AND_REFERENCE,4.8,29551,67.0,1000000,0.0,1.0
FAMILY,4.7,47463,22.0,1000000,0.0,4.4
BOOKS_AND_REFERENCE,4.7,1340,11.0,10000,4.49,4.0
BOOKS_AND_REFERENCE,4.7,55011,68.0,1000000,0.0,1.1
FAMILY,4.7,7116,40.0,100000,0.0,1.0
LIFESTYLE,4.7,759,15.0,50000,0.0,1.4
BOOKS_AND_REFERENCE,4.7,1777,23.0,50000,0.0,1.1
LIFESTYLE,4.6,518,4.2,50000,0.0,1.1
BOOKS_AND_REFERENCE,4.7,1201,2.9,100000,0.0,1.0
BOOKS_AND_REFERENCE,4.6,3234,85.0,100000,0.0,1.7
LIFESTYLE,3.8,3547,1.8,100000,399.99,2.0
FAMILY,3.9,1455,1.1,10000,0.0,1.0
SHOPPING,4.0,141584,22.0,10000000,0.0,16.14
FAMILY,4.0,856,8.7,10000,399.99,3.0
LIFESTYLE,3.8,411,2.6,10000,299.99,1.1
FINANCE,4.1,1867,4.7,50000,399.99,1.6
LIFESTYLE,2.9,41,2.9,1000,379.99,1.0
FINANCE,3.8,93,22.0,1000,399.99,1.0
FINANCE,3.5,472,0.965,5000,399.99,3.4
LIFESTYLE,4.2,134,1.8,1000,37.99,1.0
FINANCE,4.6,459,2.0,10000,18.99,1.1
FAMILY,4.4,201,2.7,5000,399.99,1.54
GAME,4.4,208501,56.0,1000000,0.0,2.8
FINANCE,4.1,129,2.7,1000,399.99,2
BUSINESS,3.9,213,2.9,1000,0.0,1.0
FAMILY,3.6,217,4.9,10000,389.99,1.5
GAME,4.0,630,20.0,10000,4.99,1.6
TRAVEL_AND_LOCAL,3.8,39,12.0,10000,0.0,1.2
FINANCE,4.3,180,3.8,5000,399.99,1.0
TRAVEL_AND_LOCAL,4.6,68,4.2,10000,0.0,5.0
LIFESTYLE,3.6,126,1.4,5000,2.49,8
NEWS_AND_MAGAZINES,3.9,4581,21.0,100000,0.0,5.0
FINANCE,4.0,36,41.0,1000,399.99,1.0
FAMILY,4.2,1493,57.0,100000,0.0,1.0
GAME,4.2,4537,15.0,100000,0.0,2.2
GAME,4.5,5849,5.1,500000,0.0,1.2
NEWS_AND_MAGAZINES,4.7,327,31.0,10000,0.0,4.0
FAMILY,3.5,33944,28.0,1000000,0.0,2.0
GAME,4.5,10256,39.0,1000000,0.0,2.1
LIFESTYLE,4.6,8004,34.0,100000,0.0,3.4
FAMILY,4.3,931503,31.0,10000000,0.0,5.39
FAMILY,4.1,245839,76.0,10000000,0.0,2.7
SPORTS,4.5,68072,40.0,5000000,0.0,1.1
GAME,4.2,210317,46.0,10000000,0.0,1.4
FAMILY,4.5,1333338,8.7,10000000,0.0,1.34
FAMILY,4.4,899748,80.0,10000000,0.0,2.11
BUSINESS,3.7,23729,24.0,1000000,0.0,7.2
GAME,4.4,406511,21.0,5000000,0.0,1.0
LIFESTYLE,4.3,179139,9.7,5000000,0.0,3.5
GAME,4.3,104389,12.0,5000000,0.0,1.4
FAMILY,3.8,130689,57.0,5000000,0.0,1.32
LIFESTYLE,4.5,234971,81.0,1000000,0.0,2.8
BUSINESS,4.4,72202,6.7,1000000,0.0,6.0
MEDICAL,4.7,2570,3.8,100000,0.0,1.2
FAMILY,3.5,14145,5.9,1000000,0.0,1.0
MEDICAL,4.9,25,46.0,5000,0.0,1.0
EVENTS,4.0,9,3.3,1000,0.0,1.1
GAME,4.1,21223,48.0,1000000,0.0,1.6
TOOLS,4.2,32,33.0,10000,0.0,3.0
BUSINESS,,0,42.0,100,0.0,6.2
GAME,4.4,438911,99.0,10000000,0.0,1.23
COMMUNICATION,4.1,2063,4.5,100000,0.0,1.0
FAMILY,4.6,45771,28.0,1000000,0.0,1.39
FAMILY,4.6,7148,8.1,100000,2.99,1.8
FAMILY,4.7,19209,21.0,100000,2.99,1.1
FAMILY,4.5,29495,56.0,1000000,0.0,1.11
SPORTS,4.6,666246,25.0,10000000,0.0,5.5
SPORTS,4.4,1721943,26.0,10000000,0.0,2.3
GAME,4.4,8219586,99.0,100000000,0.0,1.2
GAME,4.4,579519,99.0,10000000,0.0,5.1
SPORTS,4.0,170973,43.0,5000000,0.0,2.1
GAME,4.2,62636,17.0,1000000,0.0,1.8
FAMILY,4.2,123136,80.0,5000000,0.0,1.0
GAME,4.2,250197,44.0,5000000,0.0,1.0
FAMILY,3.4,1012,12.0,100000,0.0,2.0
SPORTS,4.3,183004,100.0,10000000,0.0,2.29
FAMILY,4.3,143087,69.0,1000000,0.0,1.9
SPORTS,4.6,652940,90.0,10000000,0.0,1.3
GAME,4.2,336386,88.0,10000000,0.0,2.0
FAMILY,4.6,5195,64.0,100000,0.0,1.3
SPORTS,4.1,91935,39.0,10000000,0.0,2.1
GAME,4.4,1381624,54.0,10000000,0.0,3.1
SPORTS,4.6,92522,56.0,5000000,0.0,4.0
FAMILY,4.3,45370,14.0,1000000,0.0,2.59
FAMILY,4.7,394842,75.0,10000000,0.0,1.50
SPORTS,4.2,1008012,13.0,50000000,0.0,1.7
FAMILY,3.8,302,8.1,10000,0.0,1.4
FAMILY,3.7,1443,20.0,100000,0.0,3.0
SPORTS,4.3,148083,57.0,10000000,0.0,1.42
FAMILY,2.9,31596,31.0,5000000,0.0,1.5
FAMILY,4.3,598975,39.0,10000000,0.0,2.4
FAMILY,4.3,275,29.0,10000,0.0,1.0
TRAVEL_AND_LOCAL,4.0,64164,3.6,10000000,0.0,1.9
FAMILY,3.3,16063,3.8,1000000,0.0,3.0
NEWS_AND_MAGAZINES,4.5,76616,4.6,1000000,0.0,4.4
PRODUCTIVITY,4.1,22,0.545,5000,0.0,8.0
FAMILY,5.0,3,2.1,1000,0.0,1.3
COMMUNICATION,3.9,684,0.061,100000,0.0,1.1
FAMILY,4.6,117,13.0,10000,0.0,1.03
TOOLS,4.0,177,2.8,10000,0.0,1.0
NEWS_AND_MAGAZINES,3.6,188,9.9,10000,0.0,1.0
LIFESTYLE,4.0,22,2.5,10000,0.0,1.0
FAMILY,4.5,19,5.4,5000,0.0,1.6
BUSINESS,,0,14.0,100,0.0,1.2
FAMILY,2.9,45,1.3,5000,0.0,1.1
TOOLS,4.2,25,2.5,1000,0.0,3.11
TOOLS,4.5,23,0.283,5000,0.0,13
TOOLS,,5,2.3,1000,0.0,2.1
FAMILY,4.6,513,1.6,10000,0.0,1.1
TOOLS,4.7,11018,25.0,500000,0.0,1.7
TOOLS,4.2,676,5.4,100000,0.0,3.0
FAMILY,4.7,3,1.5,1000,2.99,1.1
TOOLS,4.7,3,5.3,10,2.99,1.0
TOOLS,3.9,478,2.0,100000,0.0,2.003
FAMILY,4.7,55,5.4,10000,0.0,1.6
FAMILY,3.7,88,41.0,10000,0.0,1.3
FAMILY,4.8,21,5.4,5000,0.0,1.6
COMMUNICATION,4.0,138,2.4,10000,0.0,1.0
FAMILY,4.6,87,5.4,10000,0.0,1.6
FAMILY,4.4,105,9.0,10000,0.0,1.5
NEWS_AND_MAGAZINES,4.3,13166,25.0,1000000,0.0,3.4
FAMILY,4.7,7,1.2,100,9.99,1.2
PERSONALIZATION,3.6,5,45.0,500,1.49,1.8
FAMILY,4.4,29,5.3,5000,0.0,1.6
TOOLS,4.6,70,3.2,1000,0.0,1.1
FAMILY,2.9,10,73.0,100,4.99,2.0
PERSONALIZATION,,0,11.0,5,0.99,1.0
FAMILY,4.5,242,5.4,50000,0.0,1.6
FAMILY,5.0,1,0.655,10,4.99,1.3
TOOLS,3.7,3743,5.6,1000000,0.0,6.4
PHOTOGRAPHY,,4,17.0,1000,0.0,1.01
FAMILY,3.7,37,9.5,5000,0.0,2.16
FAMILY,,0,7.4,0,1.99,1.3
FAMILY,4.2,19,5.4,5000,0.0,1.6
SOCIAL,3.0,5,2.6,1000,0.0,1.0
FAMILY,5.0,1,96.0,10,29.99,3.30
SPORTS,4.4,129409,73.0,1000000,1.99,1.5
FAMILY,4.7,7,5.4,1000,0.0,1.6
FAMILY,4.3,22667,35.0,1000000,0.0,1.10
FAMILY,3.9,10114,48.0,100000,0.0,1.0
GAME,4.3,4704,37.0,100000,0.0,1.4
BUSINESS,,4,17.0,10,0.0,1.0
TOOLS,,0,35.0,100,0.0,1.0
TOOLS,,0,2.3,10,0.0,2.5
FAMILY,,1,16.0,1,2.99,1.0
FAMILY,4.6,28,26.0,500,0.0,3.1
FAMILY,4.5,11,2.9,500,0.0,3.0
MEDICAL,3.9,265,0.714,10000,0.0,1.4
GAME,4.7,57,12.0,1000,0.0,1.0
FAMILY,5.0,4,52.0,50,0.0,1.1
PRODUCTIVITY,,0,3.2,10,0.0,2.1
FAMILY,5.0,1,49.0,10,0.0,1.0
SPORTS,,0,28.0,5,0.0,1.1
HEALTH_AND_FITNESS,,0,12.0,10,0.0,1.0
FAMILY,,21,17.0,5000,0.0,2.4
COMMUNICATION,2.7,560,37.0,10000,0.0,1.0
PERSONALIZATION,4.6,41000,2.0,1000000,0.0,2.4
GAME,4.4,161637,82.0,10000000,0.0,1.7
FAMILY,4.4,218881,37.0,5000000,0.0,0.5
FAMILY,4.6,31134,48.0,1000000,0.0,1.10
FAMILY,4.1,242722,54.0,10000000,0.0,3.1
FAMILY,4.5,244039,46.0,5000000,0.0,3.0
FAMILY,4.2,720685,51.0,10000000,0.0,3.6
FAMILY,4.7,84389,48.0,1000000,0.0,1.375
GAME,4.3,137696,55.0,5000000,0.0,2.3
FAMILY,4.2,254,25.0,10000,0.0,1.0
GAME,3.8,898,33.0,100000,0.0,1.2
GAME,4.0,22435,100.0,1000000,0.0,1.1
FAMILY,4.3,308944,70.0,5000000,0.0,1.3
FAMILY,4.3,906,9.2,50000,0.0,0.46
GAME,4.3,391325,43.0,10000000,0.0,1.131
FAMILY,4.3,28735,91.0,1000000,0.0,1.12
FAMILY,4.7,580160,29.0,5000000,0.0,1.7
GAME,4.4,862,44.0,100000,0.0,1.0
GAME,3.8,17,30.0,1000,0.0,1.5
GAME,4.6,1226514,99.0,10000000,0.0,4.4
GAME,4.6,19070,90.0,100000,0.0,1.0
HOUSE_AND_HOME,4.5,118,72.0,50000,0.0,3.7
SHOPPING,4.5,20247,47.0,5000000,0.0,4.70
NEWS_AND_MAGAZINES,3.9,63640,23.0,10000000,0.0,6.19
GAME,3.8,1363,26.0,100000,0.0,1.1
TOOLS,4.3,1602,5.0,100000,0.0,1.1
FAMILY,3.7,128,20.0,10000,0.0,1.2
FAMILY,3.2,1354,30.0,100000,0.0,2.14
FAMILY,4.0,211,37.0,10000,0.0,0.8
FAMILY,3.8,410,28.0,10000,0.0,2.1
FAMILY,4.4,83,85.0,10000,0.0,1.2
FAMILY,3.4,131,22.0,5000,0.0,1.0
FAMILY,2.9,53,82.0,10000,0.0,1.0
GAME,4.5,20,65.0,1000,0.99,1.0
TRAVEL_AND_LOCAL,3.7,25,43.0,5000,0.0,1.4
GAME,3.8,469,80.0,10000,0.0,1.4
BUSINESS,4.1,25195,21.0,1000000,0.0,3.4
BOOKS_AND_REFERENCE,4.1,9636,0.093,1000000,0.0,2.4
FAMILY,3.7,22,90.0,5000,0.0,1.0
GAME,3.6,153,67.0,10000,0.0,1.3
FAMILY,3.0,17,32.0,1000,0.0,1.1
FAMILY,4.1,1152,2.7,100000,0.0,2.0
FAMILY,3.8,20,36.0,1000,0.0,1.0
PRODUCTIVITY,4.2,29,35.0,5000,0.0,1.23
FAMILY,4.4,36268,41.0,1000000,0.0,3.0
FAMILY,3.6,740,71.0,50000,0.0,1.0
FAMILY,3.6,284,70.0,10000,0.0,1.0
SPORTS,3.7,20879,22.0,1000000,0.0,5.1
SPORTS,3.9,76340,14.0,5000000,0.0,6.3
NEWS_AND_MAGAZINES,,0,6.0,50,0.0,7.8
SPORTS,4.1,4374,53.0,100000,0.0,1.0
LIFESTYLE,4.5,23966,0.872,1000000,5.99,20180608
HEALTH_AND_FITNESS,2.8,961,1.3,100000,0.0,1.5
HEALTH_AND_FITNESS,2.6,114,1.6,10000,0.0,20180620
GAME,4.4,125652,56.0,10000000,0.0,3.3
FAMILY,4.1,1407,3.4,100000,0.0,1.0
LIFESTYLE,4.0,448,3.1,50000,0.0,1.3
GAME,4.3,11379,20.0,500000,0.0,1.4
HEALTH_AND_FITNESS,3.9,2057,6.2,50000,1.99,2.4
LIFESTYLE,3.5,28,0.121,1000,0.0,1.0
FAMILY,4.3,344283,95.0,10000000,0.0,1.11
LIFESTYLE,4.3,258717,9.4,10000000,0.0,1.3
FAMILY,4.6,807155,93.0,10000000,0.0,2.3
HEALTH_AND_FITNESS,4.3,480208,70.0,500000000,0.0,5.17
VIDEO_PLAYERS,4.1,29867,1.7,5000000,0.0,3.1
FAMILY,4.4,450013,37.0,10000000,0.0,5.9
FAMILY,4.4,228130,70.0,5000000,0.0,3.1
FAMILY,2.4,11773,3.3,1000000,0.0,18.6
PRODUCTIVITY,4.5,870928,16.0,50000000,0.0,5.9
GAME,4.5,407788,19.0,5000000,0.0,3.4
FAMILY,4.5,118285,22.0,1000000,0.0,1.2
FAMILY,4.4,379245,68.0,10000000,0.0,1.28
FAMILY,3.4,2445,34.0,500000,0.0,1.4
FAMILY,3.9,65119,46.0,1000000,0.0,2.1
FAMILY,4.3,34898,92.0,1000000,0.0,4.05
GAME,4.4,889425,45.0,10000000,0.0,1.1
GAME,4.5,1041836,50.0,10000000,0.0,1.07
FAMILY,4.4,17945,9.5,1000000,0.0,2.9
GAME,4.0,47151,36.0,5000000,0.0,2.4
FAMILY,4.3,107765,78.0,5000000,0.0,3.1
FAMILY,4.2,37165,22.0,1000000,0.0,5.1
FAMILY,4.0,174127,48.0,5000000,0.0,1.3
VIDEO_PLAYERS,4.4,4706,1.5,1000000,0.0,9
FAMILY,4.6,73919,40.0,500000,2.99,1.07
FAMILY,4.0,532,6.5,100000,0.0,1.6
GAME,4.4,344819,51.0,5000000,0.0,1.4
FAMILY,3.5,9335,12.0,1000000,0.0,1.2
GAME,4.6,100805,50.0,1000000,2.99,1.85
FAMILY,4.0,15875,40.0,1000000,0.0,1.5
GAME,4.0,23168,54.0,1000000,0.0,1.3
GAME,4.1,2628,45.0,100000,0.0,1.1
FAMILY,4.1,235486,63.0,10000000,0.0,5.9
GAME,3.3,2717,4.0,100000,0.0,0.1
FAMILY,3.9,24123,69.0,1000000,0.0,5.9
GAME,4.1,7728,39.0,500000,0.0,1.5
GAME,4.2,2180,55.0,100000,0.0,1.1
GAME,4.0,59223,46.0,5000000,0.0,1.6
GAME,4.5,16162,99.0,100000,2.99,1.2
GAME,3.8,596,91.0,100000,0.0,1.0
GAME,3.5,1976,21.0,100000,0.0,1.6
GAME,4.3,6698,46.0,500000,0.0,1.0
GAME,4.6,21266,45.0,100000,2.99,1.1
GAME,4.7,4041,24.0,10000,0.0,1.5
GAME,3.8,2691,52.0,100000,0.0,1.2
GAME,4.7,27856,50.0,100000,2.99,1.07
SOCIAL,4.8,5369,63.0,50000,0.0,1.8
FAMILY,3.2,9126,5.8,1000000,0.0,1.0
GAME,3.9,85278,23.0,1000000,0.0,1.8
GAME,3.6,16521,23.0,1000000,0.0,1.8
FOOD_AND_DRINK,3.7,70,26.0,10000,0.0,1.4
LIFESTYLE,4.4,28,8.8,1000,0.0,3.5
GAME,4.1,91667,27.0,1000000,0.0,3.3
FAMILY,4.0,664,2.1,100000,0.0,2.2
LIFESTYLE,3.1,212,12.0,50000,0.0,2.1
WEATHER,4.0,1185,5.0,100000,0.0,2.47
MAPS_AND_NAVIGATION,2.8,440,23.0,10000,0.99,2.5
FAMILY,3.7,681,8.2,10000,0.0,5.06
SPORTS,2.7,17,14.0,1000,0.0,1.0
FAMILY,3.9,623,8.5,100000,0.0,3.5
GAME,3.6,2433,47.0,100000,0.0,1.6
FAMILY,4.5,1827,12.0,100000,0.0,1.3
FINANCE,3.5,30,17.0,1000,0.0,1.4
FAMILY,4.0,97,3.9,10000,0.0,1.1
SPORTS,,0,10.0,100,0.0,1.0
FAMILY,3.8,762,4.1,100000,0.0,2.0
SOCIAL,3.6,58,15.0,10000,0.0,1.3
COMMUNICATION,4.2,16,3.3,1000,0.0,1.0
BUSINESS,4.4,128,6.7,50000,0.0,2.6
TOOLS,4.0,498,11.0,10000,0.0,1.35
NEWS_AND_MAGAZINES,4.7,48,4.1,1000,0.0,7.0
NEWS_AND_MAGAZINES,,1,3.7,100,0.0,1.1
SOCIAL,,88,4.3,1000,0.0,1.2
FAMILY,4.1,23609,31.0,1000000,0.0,1.26
GAME,4.0,24312,25.0,500000,0.0,3.3
FAMILY,,14,2.0,1000,0.0,1.0
LIFESTYLE,4.7,57,5.8,10000,0.0,1.1
LIFESTYLE,,17,3.7,5000,0.0,1.1
FAMILY,,17,1.7,5000,0.0,2.0
HOUSE_AND_HOME,3.8,874,12.0,100000,0.0,5.13
BUSINESS,5.0,2,14.0,1000,0.0,1.1
SPORTS,4.4,27,78.0,10000,0.0,1.0
FAMILY,,350,6.4,10000,0.0,1.0
LIFESTYLE,,0,10.0,100,0.0,1.00
GAME,4.0,29462,44.0,1000000,0.0,1.1
FINANCE,,4,1.5,1000,0.0,2.0
GAME,3.8,159063,85.0,1000000,0.0,0.8
BUSINESS,4.1,294,9.8,10000,0.0,4.1
NEWS_AND_MAGAZINES,4.3,697,5.7,50000,0.0,2.4
FOOD_AND_DRINK,,38,3.7,10000,0.0,1.1
PRODUCTIVITY,3.4,617,46.0,100000,0.0,1.5
BOOKS_AND_REFERENCE,4.1,215,30.0,10000,0.0,1.2
FAMILY,4.1,25,47.0,5000,0.0,1.2
FAMILY,3.8,6,23.0,1000,0.0,1.0
FAMILY,4.4,1275373,91.0,10000000,0.0,1.021
VIDEO_PLAYERS,4.4,43,44.0,1000,0.0,1.0
VIDEO_PLAYERS,3.3,171,4.8,10000,0.0,1.1
COMMUNICATION,3.3,1434,9.5,100000,0.0,1.2
VIDEO_PLAYERS,4.4,22,19.0,5000,0.0,1.0
TOOLS,3.7,701,7.3,100000,0.0,3.15
TOOLS,3.4,2420,1.8,1000000,0.0,1.1
FINANCE,2.3,251,5.7,50000,0.0,1.0
FAMILY,3.3,11,7.3,1000,0.0,3.4
PHOTOGRAPHY,2.7,90,4.0,5000,2.99,13
COMMUNICATION,,4,3.7,1000,0.0,2.1
TOOLS,4.6,1170641,26.0,10000000,0.0,4.2
FAMILY,3.5,174,5.6,50000,0.0,1.0
TOOLS,3.4,150,7.3,50000,0.0,3.11
FAMILY,4.3,259,49.0,10000,0.0,1.3
LIFESTYLE,4.1,9,8.7,1000,0.0,7.2
TOOLS,4.7,2598579,49.0,50000000,0.0,11.17
PRODUCTIVITY,4.4,574719,20.0,10000000,0.0,5.0
LIFESTYLE,3.8,250,7.3,50000,0.0,3.15
VIDEO_PLAYERS,3.0,78,0.322,10000,0.0,1.3
BOOKS_AND_REFERENCE,4.4,98,6.3,10000,0.0,1.5
TOOLS,4.2,27,3.4,5000,0.0,1.1
PRODUCTIVITY,4.5,24,22.0,1000,0.0,2.0
FAMILY,3.5,91,25.0,10000,0.0,5.2
TOOLS,4.5,78629,6.3,1000000,0.0,3.4
GAME,4.3,955614,82.0,10000000,0.0,5.1
LIFESTYLE,4.5,82,8.7,5000,0.0,2.1
FOOD_AND_DRINK,,0,10.0,50,0.0,1.0
TOOLS,4.5,648380,24.0,10000000,0.0,4.6
FAMILY,4.8,4,43.0,100,0.0,1.0
VIDEO_PLAYERS,4.3,1659,3.7,100000,0.0,1.1
FOOD_AND_DRINK,1.7,14,13.0,1000,0.0,2.7
BOOKS_AND_REFERENCE,4.2,8,3.9,5000,0.0,1.0
BUSINESS,,3,13.0,100,19.9,1.6
TOOLS,4.2,725,3.0,100000,0.0,2.0
TOOLS,4.3,2158,3.0,100000,0.0,2.0
GAME,4.0,7718,46.0,100000,0.0,1.0
TOOLS,4.2,249,3.0,50000,0.0,2.0
NEWS_AND_MAGAZINES,4.6,9,17.0,500,0.0,1.0
GAME,4.1,29062,63.0,1000000,0.0,2.10
FAMILY,4.6,11,17.0,1000,0.0,3.3
TOOLS,4.1,484,2.9,100000,0.0,2.0
TOOLS,4.0,202,2.9,50000,0.0,2.0
FAMILY,,0,26.0,10,0.0,3.0
TOOLS,3.3,40,2.7,1000,1.99,2.0
TOOLS,,2,24.0,100,0.0,3.1
TOOLS,4.0,9,4.7,500,0.0,2.7
TOOLS,,4,2.7,100,1.99,2.0
FAMILY,,1,1.7,100,0.0,2
TOOLS,4.4,52,3.0,5000,0.0,2.0
TOOLS,4.2,294,3.0,50000,0.0,2.0
BUSINESS,3.1,20973,31.0,5000000,0.0,8.2
NEWS_AND_MAGAZINES,,21,36.0,1000,0.0,3.9
BOOKS_AND_REFERENCE,5.0,5,4.3,1000,0.0,1.0
GAME,4.2,492,63.0,100000,0.0,1.0
BUSINESS,4.7,114,8.6,5000,0.0,3.1
GAME,4.4,1604146,57.0,10000000,0.0,4.8
WEATHER,4.4,260137,13.0,10000000,0.0,3.8
FAMILY,2.9,2079,5.6,100000,0.0,1.2
NEWS_AND_MAGAZINES,,1,1.0,10,0.0,1.0
VIDEO_PLAYERS,3.8,1156,23.0,100000,0.0,1.3
BOOKS_AND_REFERENCE,4.8,6,1.6,1000,0.0,5.0
FOOD_AND_DRINK,5.0,1,24.0,100,0.0,10
PRODUCTIVITY,3.9,127,5.9,1000,0.99,7.0
FAMILY,4.7,54,44.0,10000,0.0,2.1
FAMILY,4.2,24775,30.0,100000,0.0,1.2
GAME,4.2,3845,76.0,500000,0.0,1.6
BUSINESS,3.7,244,0.976,10000,0.0,3.3
VIDEO_PLAYERS,4.1,15765,10.0,1000000,0.0,2.0
LIFESTYLE,4.1,305,44.0,10000,0.0,1.5
GAME,3.8,141,19.0,10000,0.0,1.0
FINANCE,4.6,4546,3.0,100000,0.0,1.2
GAME,,1,15.0,100,0.0,0.1
GAME,4.4,21,15.0,5000,0.0,0.1
GAME,4.2,924,43.0,100000,0.0,1.5
VIDEO_PLAYERS,4.4,569,2.6,50000,0.0,1.0
COMMUNICATION,,1,0.172,100,0.0,1.0
FAMILY,,18,24.0,1000,0.0,1.0
GAME,4.6,29,31.0,1000,0.0,1.3
GAME,5.0,8,25.0,50,0.0,1.1
PRODUCTIVITY,,1,2.3,500,0.0,1.0
GAME,4.5,52,33.0,5000,0.0,1.0
BUSINESS,,0,9.0,10,0.0,1.0
TOOLS,3.5,17,7.4,5000,0.0,3
TOOLS,,0,19.0,5,0.0,1.0
TOOLS,3.9,56,2.3,10000,0.0,1.3
GAME,4.4,15806,42.0,1000000,0.0,1.0
FAMILY,,0,3.3,10,0.99,1.2
GAME,3.1,440,9.1,50000,0.0,1.0
GAME,4.4,69,2.8,50000,0.0,1.0
GAME,,1,13.0,50,0.0,1.0
HEALTH_AND_FITNESS,3.0,94,30.0,10000,0.0,1.0
BUSINESS,,2,3.0,100,0.0,1.6
PRODUCTIVITY,,1,2.2,100,0.0,1.0
GAME,3.7,53,14.0,1000,0.0,3.0
PERSONALIZATION,,2,0.238,1,0.99,1.0
FAMILY,3.7,291,37.0,100000,0.0,2.04
GAME,3.9,71,52.0,10000,0.0,1.1
FAMILY,4.8,53,4.4,1000,0.0,1.3
LIFESTYLE,,5,28.0,50,0.0,1.3
GAME,4.6,6344,32.0,500000,0.0,1.7
LIFESTYLE,4.6,10,3.4,500,0.0,1.0
SPORTS,4.5,12,23.0,1000,0.0,5.0
GAME,4.3,6,61.0,1000,0.0,1.2
GAME,5.0,7,15.0,100,0.0,1.1
FAMILY,4.3,10446,64.0,500000,0.0,1.0
PERSONALIZATION,4.7,9,12.0,100,0.0,2.6
GAME,4.0,82,4.4,5000,0.0,1.0
VIDEO_PLAYERS,3.8,11,3.6,5000,0.0,1.0
SHOPPING,5.0,2,2.9,100,0.0,1.2
BOOKS_AND_REFERENCE,4.8,111,10.0,5000,0.0,1.6
FAMILY,4.5,11,7.2,100,0.0,3.0
TOOLS,4.3,12,3.8,500,0.0,2.2
FAMILY,,0,0.549,1,1.99,1.2
VIDEO_PLAYERS,,4,3.9,1000,0.0,1.1
PERSONALIZATION,,0,2.9,10,0.99,1.0
FAMILY,,0,42.0,10,0.0,3.0
PHOTOGRAPHY,3.7,1213,1.1,500000,0.0,1.06
FAMILY,,0,9.7,1,0.0,3.0
PERSONALIZATION,,37,1.7,1000,0.0,1.0
LIFESTYLE,,6,13.0,100,0.0,1.0
LIFESTYLE,,649,55.0,10000,0.0,1.3
PERSONALIZATION,,3,6.5,100,0.0,1.0
BOOKS_AND_REFERENCE,4.3,72,1.9,10000,0.0,1.0
FAMILY,,0,5.1,10,0.0,1.0
GAME,3.8,489,36.0,10000,0.0,1.0
HEALTH_AND_FITNESS,,0,11.0,10,0.0,4.2
GAME,,0,14.0,1,0.99,1.0
FAMILY,4.6,23,17.0,10000,0.0,1.0
BOOKS_AND_REFERENCE,4.2,27,4.3,10000,0.0,1.0
BUSINESS,,1,4.0,10,0.0,1.1
FAMILY,5.0,41,4.0,1000,0.0,10.6
TOOLS,,26,3.0,1000,0.0,1.2
BUSINESS,,8,1.2,10,0.0,1.0
GAME,,0,29.0,5,0.0,1.0
BUSINESS,,0,3.4,1,0.0,1.1
WEATHER,3.3,115,5.1,10000,0.0,1.4
TOOLS,3.6,9895,2.7,1000000,0.0,2.0
GAME,4.0,162530,97.0,10000000,0.0,1.0
FAMILY,4.0,39779,19.0,5000000,0.0,4.0
GAME,4.0,254518,100.0,10000000,0.0,2.0
GAME,4.2,88901,73.0,10000000,0.0,11.0
FAMILY,4.3,65146,100.0,10000000,0.0,2.1
VIDEO_PLAYERS,4.2,104551,18.0,10000000,0.0,1.0
PERSONALIZATION,4.5,66321,18.0,5000000,0.0,2.4
GAME,4.3,29270,44.0,5000000,0.0,1.4
COMMUNICATION,4.4,1520,5.2,100000,0.0,1.4
FAMILY,4.2,97,8.9,10000,0.0,2.0
LIBRARIES_AND_DEMO,4.2,11087,34.0,1000000,0.0,4.1
FAMILY,4.2,26426,30.0,1000000,0.0,4.1
PHOTOGRAPHY,3.4,2332,1.6,100000,0.0,2.2
PRODUCTIVITY,3.2,2728,4.4,500000,0.0,1.0
TOOLS,4.0,60,3.7,5000,0.0,1.0
FAMILY,4.6,227,11.0,10000,0.0,2.9
TOOLS,3.2,24,4.7,10000,0.0,1.0
LIFESTYLE,4.4,132,33.0,10000,0.0,5.805
FINANCE,4.0,463,13.0,10000,0.0,4.2
VIDEO_PLAYERS,4.7,70,14.0,1000,0.0,1.9
VIDEO_PLAYERS,,17,3.7,500,0.0,1.0
MEDICAL,3.7,3,7.3,500,0.0,1.4
GAME,4.2,162,37.0,10000,0.0,1.2
FINANCE,4.1,44,13.0,1000,0.0,4.2
FAMILY,3.5,24,13.0,10000,0.0,1.0
FAMILY,4.8,12,8.4,500,0.0,3.8
TRAVEL_AND_LOCAL,4.3,201,45.0,10000,0.0,7.9
LIFESTYLE,3.9,386,7.9,50000,0.0,2.1
MAPS_AND_NAVIGATION,,30,4.2,1000,0.0,1.0
FINANCE,3.5,100,11.0,10000,0.0,3.0
FAMILY,4.3,285,6.2,10000,0.0,4.7
BUSINESS,4.4,16,3.7,1000,0.0,3.4
FAMILY,4.8,13,6.0,100,0.0,1.0
BOOKS_AND_REFERENCE,3.9,9,8.8,1000,0.0,1.6
TRAVEL_AND_LOCAL,3.8,43,22.0,10000,0.0,16.51
FAMILY,4.2,109,30.0,10000,0.0,6.0
BOOKS_AND_REFERENCE,4.0,5300,11.0,1000000,0.0,9.1
HEALTH_AND_FITNESS,4.0,265,4.1,100000,0.0,2.1
FAMILY,4.4,13,3.4,1000,0.0,1.0
TRAVEL_AND_LOCAL,4.7,65,13.0,5000,0.0,6.0
FAMILY,4.5,112,39.0,10000,0.0,1.5
FAMILY,4.3,367,5.1,100000,0.0,1.0
COMICS,3.3,126,4.7,5000,0.0,1.0
LIFESTYLE,4.3,127,5.5,10000,0.0,3.0
TRAVEL_AND_LOCAL,4.1,134,5.3,10000,0.0,6.3
TOOLS,2.1,149,2.8,50000,0.0,1.9
TRAVEL_AND_LOCAL,3.7,40,9.0,1000,8.49,1.0
TRAVEL_AND_LOCAL,4.2,25726,51.0,1000000,0.0,4.20
FINANCE,4.4,31,0.206,1000,3.99,2.9
FINANCE,4.2,23,0.954,500,3.99,1.9
BUSINESS,2.1,87,26.0,5000,0.0,1.6
FINANCE,2.4,36,9.4,1000,1.99,1.3
PRODUCTIVITY,4.1,22,2.4,5000,0.0,1.2
FAMILY,3.1,1734,5.8,500000,0.0,1.0
GAME,5.0,2,20.0,1,1.49,1.0
TRAVEL_AND_LOCAL,,6,17.0,100,0.0,2.2
GAME,3.5,196,35.0,10000,0.0,1.0
PARENTING,4.2,20,17.0,10000,0.0,1.1
COMMUNICATION,,0,2.9,1,0.0,1.0
FAMILY,4.7,303,42.0,10000,0.0,2.0
TRAVEL_AND_LOCAL,,0,5.1,100,0.0,1.0
FAMILY,,1,16.0,5,1.99,1.1
HEALTH_AND_FITNESS,,31,4.7,1000,0.0,0.0
FAMILY,4.8,23,35.0,10000,0.0,1.0
FAMILY,,3,12.0,100,1.49,1.2
FAMILY,4.5,226,26.0,100000,0.0,1.0
FAMILY,4.6,66,17.0,10000,0.0,1.0
FAMILY,4.6,32,60.0,10000,0.0,6
FAMILY,4.9,285,25.0,10000,0.0,1.0
FAMILY,4.8,1491,38.0,50000,0.0,1.3
FAMILY,4.0,13,2.0,1000,0.0,1.0
LIFESTYLE,3.9,592,2.5,100000,0.0,1.0
FAMILY,4.1,181,9.2,10000,0.0,1.2
COMICS,4.1,690,0.444,50000,0.0,1.2
FAMILY,4.5,227,15.0,50000,0.0,1.0
HEALTH_AND_FITNESS,4.2,287,12.0,50000,0.0,1.8
NEWS_AND_MAGAZINES,4.0,677,4.4,10000,0.0,5.5
NEWS_AND_MAGAZINES,4.4,27,14.0,100,0.0,1.0
TOOLS,1.9,8,6.7,1000,0.0,1.1
PRODUCTIVITY,,0,3.7,10,2.99,1.0
FAMILY,,3,4.0,500,0.0,1.0
TOOLS,3.7,26,2.2,5000,0.0,1.1
FAMILY,,0,33.0,0,2.99,1.0
NEWS_AND_MAGAZINES,4.0,3647,5.7,100000,0.0,4.1
SPORTS,4.3,242096,87.0,10000000,0.0,3.4
TRAVEL_AND_LOCAL,2.5,862,30.0,100000,0.0,7.8
GAME,4.4,3452530,68.0,100000000,0.0,1.9
SOCIAL,,2,5.9,10,0.0,1.0
FAMILY,4.7,1424,19.0,100000,0.0,2.2
GAME,4.6,169661,40.0,10000000,0.0,1.246
SPORTS,4.4,172,49.0,5000,2.99,1.5
FAMILY,4.3,7441,52.0,500000,0.0,0.1
SPORTS,4.4,55,63.0,1000,4.49,2.0
MEDICAL,2.6,496,24.0,100000,0.0,8.0
SPORTS,3.6,25,6.0,1000,3.99,2.1
FAMILY,3.8,11,17.0,1000,0.0,2.6
FAMILY,4.4,31,4.2,100,0.99,1.48
FAMILY,4.4,21,32.0,1000,0.0,3.2
FAMILY,3.0,10,0.717,5000,0.0,0.0
LIFESTYLE,3.7,492,4.3,50000,0.0,3.6
BOOKS_AND_REFERENCE,5.0,5,7.2,50,1.75,1.0
MAPS_AND_NAVIGATION,,0,5.0,100,0.0,3.0
MEDICAL,4.2,8,1.2,500,0.0,1.2
PRODUCTIVITY,4.8,4,31.0,100,0.0,3.3
TRAVEL_AND_LOCAL,4.4,7,17.0,500,0.0,2.0
FAMILY,4.1,36151,46.0,1000000,0.0,2.7
LIFESTYLE,4.7,113,20.0,1000,0.0,3.0
PARENTING,4.7,8343,8.3,50000,4.99,6.3
TOOLS,3.3,27,5.0,5000,0.0,10.1
GAME,4.0,209,22.0,10000,0.0,7.0
LIFESTYLE,,0,3.1,50,0.0,4.1
FAMILY,,0,2.2,10,1.49,1.0
FAMILY,1.0,1,2.0,50,1.49,1.0
TRAVEL_AND_LOCAL,4.4,382,12.0,10000,0.0,2.1
PHOTOGRAPHY,4.2,5,5.5,500,0.0,1.0
TRAVEL_AND_LOCAL,4.3,20,15.0,1000,0.0,1.7
FAMILY,4.4,7,81.0,1000,0.0,3.5
VIDEO_PLAYERS,,1,62.0,100,0.0,1.2
SPORTS,3.7,20,8.9,1000,0.0,3.1
TRAVEL_AND_LOCAL,4.0,1,3.0,100,0.0,1.0
MEDICAL,4.4,112,13.0,1000,0.0,4.5
FAMILY,3.3,14,11.0,1000,0.0,1.2
BUSINESS,,1,3.4,100,0.0,1.1
MEDICAL,,3,12.0,50,0.0,4.5
FAMILY,4.2,4,29.0,500,0.0,6.0
LIFESTYLE,2.3,3,2.6,500,0.0,1.0
FAMILY,5.0,4,1.7,100,0.0,1
FAMILY,3.6,5,5.4,1000,0.0,1.6
FAMILY,3.9,137377,30.0,5000000,0.0,2.2
FAMILY,4.4,7461,31.0,1000000,0.0,4.2
LIFESTYLE,4.2,120,14.0,10000,0.0,1.5
MEDICAL,4.8,17,37.0,5000,0.0,1.5
FAMILY,4.3,39109,4.0,1000000,0.0,6.5
COMMUNICATION,4.4,10341,6.9,500000,0.0,5.2
FAMILY,4.3,193,14.0,10000,0.0,1.3
TOOLS,4.0,21,0.21,10000,0.0,6.1
HEALTH_AND_FITNESS,1.4,45,13.0,5000,0.0,1.0
COMICS,3.3,1476,18.0,500000,0.0,7.3
FAMILY,4.3,539,13.0,50000,0.0,1.3
FAMILY,,1,38.0,10,0.0,1.0
NEWS_AND_MAGAZINES,4.6,30,3.8,1000,0.0,1.5
FINANCE,4.7,289,3.2,5000,0.0,1.2
FAMILY,4.2,540,3.2,10000,0.0,2.4
COMICS,3.9,4496,0.609,100000,0.0,2.3
BUSINESS,3.4,9,1.7,1000,0.0,1.0
PRODUCTIVITY,4.3,247,4.0,10000,0.0,1.2
BOOKS_AND_REFERENCE,4.8,123,6.5,1000,0.0,3.15317
PRODUCTIVITY,4.8,93,14.0,1000,0.0,2.3
BOOKS_AND_REFERENCE,4.5,197,2.8,10000,0.0,1.2
FAMILY,3.3,16,33.0,500,0.0,1.2
FAMILY,4.2,5,3.3,500,0.0,1.1
MAPS_AND_NAVIGATION,4.9,49,3.9,100,0.0,2.0
PRODUCTIVITY,4.2,41,15.0,1000,0.0,1.3
SPORTS,4.6,1238,9.5,100000,0.0,3.0
FAMILY,4.1,205,7.3,50000,0.0,9.0
FAMILY,4.6,12,2.4,5000,0.0,3.0
COMMUNICATION,4.0,474,3.0,50000,0.0,0.0
FAMILY,4.2,69,3.5,10000,0.0,1.1
SOCIAL,5.0,2,2.4,500,0.0,3.7
COMMUNICATION,4.1,29,13.0,10000,0.0,1.8
SPORTS,4.1,142,5.3,100000,0.0,2.4
FINANCE,3.8,103,6.9,5000,0.0,3.4
FAMILY,4.7,12,2.3,100,0.0,1.1
FAMILY,3.5,3347,15.0,100000,0.0,1.1
FAMILY,4.0,983,7.2,100000,0.0,1.0
BUSINESS,4.2,63,13.0,5000,0.0,3.0
TOOLS,3.3,1988,7.3,500000,0.0,3.15
TOOLS,3.7,29,3.3,10000,0.0,1.0
TOOLS,3.4,3491,7.3,1000000,0.0,3.15
TOOLS,3.7,533,7.3,100000,0.0,3.15
FAMILY,5.0,2,2.6,500,0.0,1.0
COMMUNICATION,4.4,7,0.308,5000,0.0,1.01
LIFESTYLE,5.0,15,4.5,100,0.0,2.1
COMMUNICATION,4.8,6,21.0,10,0.0,2.0
COMMUNICATION,4.4,7,5.3,500,0.0,1.0
NEWS_AND_MAGAZINES,4.9,13,2.3,100,0.0,1.2
FINANCE,4.0,967,22.0,100000,0.0,1.2
GAME,4.4,4396,40.0,100000,0.0,1.5
LIFESTYLE,4.9,8418,21.0,500000,0.0,1.2
FAMILY,4.4,9443,21.0,100000,0.0,1.8
PHOTOGRAPHY,4.4,3156484,53.0,100000000,0.0,6.9
SOCIAL,5.0,20,1.2,100,0.0,1.2
HEALTH_AND_FITNESS,4.8,787,53.0,1000,1.99,1.4
PERSONALIZATION,4.6,838,11.0,50000,0.0,1.70
FAMILY,4.3,2806,27.0,100000,0.0,3.6
FAMILY,3.8,66033,6.8,10000000,0.0,2.5
SPORTS,4.3,7557,7.4,100000,0.0,2.2
PERSONALIZATION,4.3,44,3.5,1000,0.0,1.3
PHOTOGRAPHY,4.1,560,1.7,10000,0.0,1.07
WEATHER,4.5,54090,4.0,5000000,0.0,6.6
FAMILY,4.2,3103,8.8,100000,0.0,6.5
FAMILY,3.8,48545,38.0,1000000,0.0,1.2
FAMILY,4.3,18,1.7,1000,0.0,1.2
SPORTS,4.2,4330,6.1,100000,0.0,3.0
FAMILY,3.8,484226,27.0,50000000,0.0,3.0
PHOTOGRAPHY,4.2,28390,38.0,5000000,0.0,1.0
COMICS,4.0,78,2.8,5000,0.0,1.0
FAMILY,4.2,67,6.5,5000,0.0,1.08
PERSONALIZATION,4.3,1580,3.6,100000,0.0,1.0
FAMILY,4.3,556929,53.0,10000000,0.0,4.2
FAMILY,4.4,146,3.9,10000,0.0,2.4
SOCIAL,4.1,2520,12.0,100000,0.0,1.1
FAMILY,4.5,559597,89.0,10000000,0.0,11.1
SOCIAL,4.2,305367,46.0,10000000,0.0,16.7
GAME,4.3,128367,54.0,1000000,0.0,2.1
TOOLS,4.4,103909,9.2,5000000,0.0,2.2
FAMILY,4.5,76608,24.0,1000000,0.0,1.3
GAME,4.3,275843,41.0,10000000,0.0,1.401
FAMILY,,2,0.705,100,0.0,1.0
FAMILY,4.2,123309,25.0,10000000,0.0,2.0
GAME,4.0,263907,62.0,10000000,0.0,3.0
GAME,3.4,32,27.0,1000,0.99,1.00
GAME,4.4,1849,37.0,10000,0.0,1.1
FAMILY,3.8,63,3.7,10000,0.0,1.0
COMMUNICATION,3.0,39,4.6,10000,0.0,1.4
COMMUNICATION,4.1,141,9.9,50000,0.0,2.0
VIDEO_PLAYERS,4.4,3066,9.0,1000000,0.0,1.7
FAMILY,4.1,262,29.0,50000,0.0,1.1
FAMILY,4.1,256,2.5,100000,0.0,4.7
FAMILY,4.1,28892,6.3,5000000,0.0,1.3
GAME,4.5,634159,58.0,10000000,0.0,1.40
FAMILY,4.1,32,4.1,10000,0.0,1.5
HEALTH_AND_FITNESS,2.2,19,9.6,1000,0.0,2.1
TOOLS,3.9,428,3.8,100000,0.0,1.2
FAMILY,4.0,1542,13.0,50000,0.0,3.0
FAMILY,4.3,105,51.0,1000,0.99,3.6
FAMILY,3.9,17067,2.7,5000000,0.0,2.4
GAME,4.0,3322,82.0,100000,0.0,5.1
HEALTH_AND_FITNESS,4.2,2509,5.0,1000000,0.0,1.8
GAME,4.2,7699,83.0,500000,0.0,5.1
FAMILY,3.6,5,2.5,1000,0.0,4.1
FAMILY,4.3,19,2.5,1000,0.0,4.5
FAMILY,,3,6.6,1000,0.0,1.0
FAMILY,,4,2.5,1000,0.0,4.6
FAMILY,4.4,447,3.7,100000,0.0,1.0
FAMILY,2.6,17,4.6,5000,0.0,1.0
GAME,4.1,29798,80.0,1000000,0.0,5.1
BUSINESS,,6,11.0,1000,0.0,1.0
TOOLS,3.5,412,2.6,5000,0.99,2.2
FAMILY,4.2,72,2.5,10000,0.0,5.1
LIFESTYLE,,0,24.0,50,0.0,1.0
LIFESTYLE,,0,12.0,10,0.0,1.0
FAMILY,3.7,3,10.0,50,0.0,1.0
FAMILY,2.4,407,0.306,50000,0.0,1.0
BUSINESS,,8,26.0,100,0.0,0.0
FAMILY,2.9,1073,2.8,100000,0.0,1.1
GAME,4.2,63056,8.1,1000000,0.0,1.9
BUSINESS,4.2,509,3.2,100000,0.0,1.1
LIFESTYLE,4.0,3,3.3,1000,0.0,3.0
SPORTS,2.6,64,1.6,10000,0.0,2.1
TOOLS,4.4,7,5.6,1000,0.0,1.3
AUTO_AND_VEHICLES,4.8,4,4.5,500,0.0,1.3
SOCIAL,4.7,22,11.0,1000,0.0,2.0
MEDICAL,4.4,643,2.8,10000,0.0,8.0
MEDICAL,4.6,87,2.8,500,5.99,8.0
TOOLS,2.7,198,2.8,100000,0.0,9.7
PHOTOGRAPHY,3.8,11,17.0,1000,0.0,1.3
FAMILY,1.7,6,2.9,100,0.0,1.0
LIFESTYLE,4.6,17,19.0,1000,0.0,2.1
TOOLS,3.3,218,4.1,10000,0.0,1.0
PHOTOGRAPHY,,0,8.4,5,0.0,1.2
NEWS_AND_MAGAZINES,,41,5.0,1000,0.0,1.0
LIFESTYLE,4.6,275,3.9,5000,2.99,2.8
FAMILY,2.3,50,2.8,10000,0.0,1.2
PHOTOGRAPHY,4.5,81219,2.6,10000000,0.0,1.4
SOCIAL,,6,6.1,1000,0.0,3.7
PRODUCTIVITY,4.8,16,2.6,1000,0.0,1.0
SOCIAL,,4,8.9,500,0.0,1.2
TOOLS,5.0,5,9.1,1000,0.0,2.12
FAMILY,,0,2.9,100,0.0,1.0
VIDEO_PLAYERS,4.1,64,2.0,5000,0.0,2.0
FAMILY,,1,2.8,100,0.0,1.0
FAMILY,,5,2.8,1000,0.0,1.0
AUTO_AND_VEHICLES,,1,9.4,10,0.0,1.1
PHOTOGRAPHY,,0,7.8,100,0.0,1.0
VIDEO_PLAYERS,,0,8.6,100,0.0,1.0
FAMILY,4.9,16,10.0,100,0.0,1.0
TOOLS,,1,5.1,10,0.0,1.0
SOCIAL,,32,7.8,1000,0.0,1.6
SOCIAL,4.8,111,5.9,1000,0.0,2.42
AUTO_AND_VEHICLES,4.5,276,1.7,100000,0.0,1.1
SPORTS,,7,2.3,100,0.0,2.0
VIDEO_PLAYERS,,8,2.5,500,0.0,1.1
FAMILY,,3,2.8,500,0.0,1.0
BOOKS_AND_REFERENCE,,13,4.1,1000,0.0,250
PHOTOGRAPHY,4.0,35188,6.2,1000000,0.0,1.0
GAME,3.7,31883,20.0,1000000,0.0,1.4
TOOLS,2.2,4,4.8,500,0.0,3.0
SPORTS,,6,24.0,500,0.0,2.4
TRAVEL_AND_LOCAL,5.0,3,2.4,100,0.0,1.1
FAMILY,,8,13.0,1000,0.0,1.3
TOOLS,,0,1.8,10,0.0,1.0
TRAVEL_AND_LOCAL,4.5,103,9.8,1000,0.0,8.2
NEWS_AND_MAGAZINES,,0,29.0,100,0.0,1.2
GAME,4.3,101762,11.0,1000000,0.0,2.0
PHOTOGRAPHY,3.8,28660,6.4,5000000,0.0,1.0
TRAVEL_AND_LOCAL,,1,87.0,10,1.49,2.55
FAMILY,4.5,20101,7.8,100000,9.99,1.3
GAME,4.5,10440,86.0,50000,4.99,1.0
SHOPPING,,28,2.1,1000,0.0,3.0
HEALTH_AND_FITNESS,4.8,10,4.0,10,0.0,3.55
PHOTOGRAPHY,4.5,267378,1.9,10000000,0.0,1.4
FINANCE,4.4,2017,2.4,100000,0.0,2.22
NEWS_AND_MAGAZINES,,2,2.9,100,0.0,1.2
GAME,3.9,142693,21.0,5000000,0.0,1.4
VIDEO_PLAYERS,4.3,47,8.7,1000,0.0,1.10
TOOLS,4.3,80,1.7,10000,0.0,1.2
FAMILY,,1,5.1,10,0.0,1.0
PHOTOGRAPHY,4.0,2076,11.0,500000,0.0,2.5
NEWS_AND_MAGAZINES,,1,1.3,50,0.0,1.1
PHOTOGRAPHY,4.1,7118,9.2,1000000,0.0,1.6
MEDICAL,4.6,21187,35.0,1000000,0.0,3.52
LIFESTYLE,3.7,34079,9.2,5000000,0.0,202
VIDEO_PLAYERS,3.4,4334,4.9,100000,0.0,3.1
TOOLS,4.5,1439,15.0,10000,0.0,2.10
GAME,4.4,1644,15.0,10000,7.99,4.1
FOOD_AND_DRINK,,1,19.0,10,0.0,1.0
BUSINESS,4.4,1630,2.2,100000,0.0,3.1
FAMILY,2.4,7,2.1,100,3.99,1.0
HEALTH_AND_FITNESS,4.6,9612,3.5,100000,0.0,1.8
FAMILY,4.3,5442,16.0,50000,9.99,2.5
GAME,4.3,205830,63.0,10000000,0.0,4.4
NEWS_AND_MAGAZINES,,2,10.0,50,0.0,1.0
SHOPPING,4.2,867,7.5,100000,0.0,1.5
PHOTOGRAPHY,4.3,14453,21.0,1000000,0.0,1.9
MEDICAL,4.3,6079,1.8,500000,0.0,3.2
PHOTOGRAPHY,3.9,129268,11.0,10000000,0.0,1.32
PRODUCTIVITY,4.7,167406,18.0,1000000,0.0,3.1
SHOPPING,4.6,8175,3.2,100000,0.0,3.2
TOOLS,4.3,6,33.0,500,0.0,1.93
MEDICAL,4.5,4027,8.4,100000,0.0,2.4
SHOPPING,4.6,17180,31.0,1000000,0.0,5.3
HEALTH_AND_FITNESS,2.9,141,22.0,10000,0.0,3.2
BEAUTY,4.0,2,3.6,1000,0.0,1.0
SPORTS,3.0,26,15.0,1000,0.0,2.1
BOOKS_AND_REFERENCE,3.9,286,18.0,10000,0.0,3.2
SPORTS,,0,10.0,10,0.0,1.0
AUTO_AND_VEHICLES,4.8,27,2.5,500,0.0,2.0
FAMILY,3.9,11,16.0,1000,0.0,1.2
PHOTOGRAPHY,4.0,675,15.0,100000,0.0,2.1
FAMILY,,0,4.3,10,0.0,2
FINANCE,,0,4.6,10,0.0,2.2
TRAVEL_AND_LOCAL,,11,18.0,1000,0.0,1.73
FAMILY,5.0,2,8.7,10,0.0,1.2
TRAVEL_AND_LOCAL,,0,22.0,100,0.0,1.5
FINANCE,,7,1.1,500,0.0,1.3
FAMILY,,23,4.8,1000,0.0,1.3
TOOLS,4.0,2055,2.6,100000,0.0,2.44
SOCIAL,,24,5.2,100,0.0,1.1
LIFESTYLE,5.0,2,6.0,10,0.0,2.1
HEALTH_AND_FITNESS,,0,43.0,1,0.0,4.3
LIFESTYLE,,0,0.904,10,0.0,5.0
PHOTOGRAPHY,4.5,42,20.0,1000,0.0,1.2
FAMILY,4.8,12,28.0,1000,0.0,1.3
LIFESTYLE,,0,20.0,10,0.0,1.0
BOOKS_AND_REFERENCE,4.6,53,16.0,5000,0.0,1.0
BUSINESS,,94,8.7,5000,0.0,3.44
COMMUNICATION,3.4,7,6.0,1000,0.0,5.403
HEALTH_AND_FITNESS,2.6,219,1.8,50000,0.0,1.1
HEALTH_AND_FITNESS,2.4,577,3.7,50000,0.0,1.7
TRAVEL_AND_LOCAL,,13,3.2,100,0.0,1.0
SHOPPING,4.5,35479,16.0,1000000,0.0,4.16
FAMILY,4.6,7420,7.4,50000,4.99,1.2
HEALTH_AND_FITNESS,3.3,10,3.3,1000,0.0,1.8
FINANCE,4.1,58,3.5,10000,0.0,2.3
TRAVEL_AND_LOCAL,4.6,19,14.0,500,0.0,0.9
BUSINESS,3.9,91,8.9,5000,0.0,3.44
SOCIAL,,0,32.0,1,0.0,1.4
GAME,,3,14.0,10,0.0,1.0
FAMILY,,3,3.8,50,0.0,1.2
FOOD_AND_DRINK,,3,4.7,100,0.0,7.0
FOOD_AND_DRINK,,3,9.9,500,0.0,1.2
FINANCE,4.0,5055,17.0,100000,0.0,4.4
SOCIAL,3.4,3640,9.1,500000,0.0,3.1
BUSINESS,4.5,1819,10.0,100000,0.0,2.2
FINANCE,4.0,180,27.0,10000,0.0,4.17
NEWS_AND_MAGAZINES,5.0,22,25.0,1000,0.0,1.5
BUSINESS,3.6,16,33.0,5000,0.0,2.7
LIFESTYLE,3.5,43,30.0,10000,0.0,2.0
BUSINESS,4.9,23,28.0,1000,0.0,2.4
DATING,3.7,66,7.3,10000,0.0,1.0
BUSINESS,5.0,3,23.0,100,0.0,1.39
BUSINESS,4.0,76,0.201,10000,0.0,2.7
FINANCE,5.0,2,2.7,100,0.0,1.8
BUSINESS,4.0,282,7.7,10000,0.0,20.0
TOOLS,,5,21.0,1000,0.0,8.9
FAMILY,4.9,7,3.5,1000,0.0,1.0
FINANCE,4.4,337,3.3,10000,0.0,1.0
SOCIAL,3.6,284795,31.0,10000000,0.0,4.1
BUSINESS,4.7,45,12.0,5000,0.0,2.0
FAMILY,4.3,12,8.1,5000,0.0,1.0
SPORTS,3.9,5644,14.0,1000000,0.0,1.7
SOCIAL,4.5,63765,11.0,1000000,0.0,4.17
PRODUCTIVITY,,0,2.9,10,0.0,3.1
PRODUCTIVITY,,0,0.473,10,0.99,2.2
FAMILY,4.6,181961,18.0,10000000,0.0,3.2
FAMILY,4.5,205914,54.0,10000000,0.0,5.54
BOOKS_AND_REFERENCE,4.4,341234,30.0,10000000,0.0,3.9
TOOLS,4.0,29944,2.1,5000000,0.0,1.6
GAME,4.2,212067,48.0,10000000,0.0,1.5
GAME,4.7,155694,92.0,1000000,0.0,2.1
DATING,4.1,285838,15.0,10000000,0.0,11.10
FAMILY,4.4,344383,30.0,10000000,0.0,9.2
FAMILY,4.6,104676,2.6,5000000,0.0,1.9
SHOPPING,4.2,4099,17.0,100000,0.0,2.0
SHOPPING,4.0,4722,35.0,500000,0.0,3.6
SHOPPING,2.3,69,11.0,10000,0.0,1.0
GAME,4.5,501,65.0,10000,0.0,5.0
FAMILY,3.6,226,25.0,50000,0.0,2.5
GAME,4.4,17,4.8,500,4.49,6.2
GAME,3.9,20,4.8,10000,0.0,6.2
FAMILY,3.9,13,17.0,100,0.0,1.1
HEALTH_AND_FITNESS,4.8,38,24.0,500,0.0,1.1
FAMILY,4.2,16,26.0,1000,0.0,2.0
GAME,3.7,11,4.8,5000,0.0,6.2
PRODUCTIVITY,4.0,616,0.175,50000,0.0,1.3
BEAUTY,,1,15.0,100,0.0,1.0
GAME,1.0,1,4.9,1000,0.0,6.2
GAME,,1,8.8,100,0.0,1.0
FAMILY,4.4,103,36.0,10000,0.0,1.29
GAME,4.7,325,23.0,10000,0.0,7.0
FAMILY,3.6,35121,5.1,5000000,0.0,1.0
FAMILY,,1,23.0,100,0.0,1.0
GAME,4.1,341,26.0,50000,0.0,1.18
VIDEO_PLAYERS,3.3,381023,53.0,10000000,0.0,2.7
COMMUNICATION,,0,3.2,10,0.0,1.7
GAME,,0,23.0,500,0.0,1.1
FAMILY,5.0,3,1.8,100,0.0,3.1
PERSONALIZATION,4.3,26601,5.4,1000000,0.0,26.1
SHOPPING,4.7,55,8.0,500,0.0,1.0
SOCIAL,,2,5.4,100,0.0,1.0
VIDEO_PLAYERS,,414,59.0,100000,0.0,4.0
GAME,,3,21.0,500,0.0,1.0
LIFESTYLE,,0,5.1,10,0.0,1.22
FAMILY,4.0,68664,55.0,10000000,0.0,1.7
BUSINESS,,3,3.4,10,0.0,8.0
GAME,4.4,524467,33.0,10000000,0.0,1.126
GAME,4.6,17,4.7,100,14.0,1.1
BUSINESS,5.0,3,1.5,10,0.0,2.7
FAMILY,4.3,6333,30.0,1000000,0.0,1.1
BUSINESS,,1,26.0,5,0.0,2.0
FAMILY,3.8,4,54.0,100,2.99,1.8
FAMILY,4.1,956,10.0,100000,0.0,1.1
SPORTS,4.6,969,3.6,10000,0.0,1.0
FAMILY,4.0,1469,5.2,100000,0.0,2.1
GAME,4.7,2066,25.0,100000,0.0,1.3
TOOLS,3.6,1166,0.35,100000,0.0,1.1
GAME,4.5,26744,51.0,500000,0.0,7.4
PHOTOGRAPHY,4.0,802,5.1,100000,0.0,1.1
GAME,4.1,1686,4.6,100000,0.0,3.1
LIFESTYLE,4.0,41747,39.0,5000000,0.0,3.7
COMMUNICATION,,6,31.0,1000,0.0,2.1
FOOD_AND_DRINK,4.5,2448,19.0,100000,0.0,5.4
LIFESTYLE,2.8,17,3.1,5000,0.0,1.1
NEWS_AND_MAGAZINES,,19,17.0,5000,0.0,1.0
TOOLS,4.2,928,0.383,10000,1.99,3.4
LIFESTYLE,4.8,33,2.4,5000,0.0,1.0
LIFESTYLE,5.0,1,3.2,50,0.0,1.2
FAMILY,5.0,13,2.1,100,0.0,2.3
BUSINESS,,1,30.0,50,0.0,2.0
PERSONALIZATION,,1,14.0,50,4.85,1.0
TOOLS,,4,12.0,100,0.0,0.0
TOOLS,4.3,534,3.0,100000,0.0,1.0
PHOTOGRAPHY,4.3,20,4.8,1000,0.0,0.1
PERSONALIZATION,4.5,248,2.8,10000,0.0,9.0
FOOD_AND_DRINK,4.5,41,4.0,500,0.0,1.0
TOOLS,5.0,6,11.0,100,0.0,0.1
FAMILY,4.4,634,1.8,100000,0.0,1.6
LIFESTYLE,5.0,19,3.1,1000,0.0,2.2
FAMILY,4.7,39,20.0,1000,0.0,1.1
PRODUCTIVITY,,0,33.0,10,0.0,1.1
SOCIAL,4.7,549,17.0,10000,0.0,3.0
HEALTH_AND_FITNESS,2.2,4,28.0,1000,0.0,1.1
SOCIAL,4.6,308,0.454,10000,0.0,1.0
LIFESTYLE,4.6,9,3.1,1000,0.0,2.2
LIFESTYLE,4.7,29,3.2,1000,0.0,1.3
VIDEO_PLAYERS,4.6,277,6.8,10000,0.0,1.01
FAMILY,4.4,30,99.0,5000,0.0,0.1
FAMILY,3.8,125,17.0,10000,0.0,1.3
FAMILY,3.6,445,12.0,50000,0.0,1.3
LIFESTYLE,4.9,301,25.0,10000,0.0,1.1
FAMILY,4.8,160,13.0,10000,0.0,1.3
BUSINESS,,0,2.1,5,0.99,1.0
FAMILY,4.4,150,5.9,10000,0.0,1.07
BUSINESS,5.0,8,3.7,100,0.0,1.1
FAMILY,4.8,100,4.5,5000,0.0,2.0
FINANCE,,1,4.1,100,0.0,1.4
EVENTS,,1,11.0,100,0.0,1.3
FAMILY,4.6,106,3.9,10000,0.0,1.1
LIFESTYLE,5.0,10,3.0,1000,0.0,1.0
FAMILY,4.6,222,1.4,10000,0.0,0.4
FINANCE,5.0,4,11.0,50,0.0,1.0
COMMUNICATION,,0,12.0,5,0.0,1.0
LIFESTYLE,4.0,4160,30.0,500000,0.0,2.3
FAMILY,4.3,616,25.0,10000,0.0,4.5
GAME,4.5,415,52.0,10000,0.0,1.0
FAMILY,4.0,2614,6.3,100000,0.0,1.0
FAMILY,3.2,304,4.7,10000,0.0,1.0
FAMILY,4.6,2683,25.0,10000,0.0,1.3
FAMILY,4.2,3379,62.0,100000,0.0,1.6
COMICS,4.8,33783,6.4,1000000,0.0,1.3
GAME,4.3,125,70.0,5000,0.0,1.0
MAPS_AND_NAVIGATION,3.9,230,12.0,10000,0.0,2.12
COMICS,3.2,1462,7.1,100000,0.0,1.0
FAMILY,3.9,8419,47.0,100000,0.0,0.0
FAMILY,4.8,4,23.0,10,14.99,1.03
COMICS,3.5,4205,10.0,100000,0.0,1.77
GAME,4.4,1563,40.0,50000,0.0,1.3
GAME,4.1,355,53.0,10000,0.0,1.0
FAMILY,4.2,1901,8.2,100000,0.0,1.3
FAMILY,4.7,6073,8.5,100000,0.0,4.2
TOOLS,4.0,9,33.0,1000,0.0,3.0
COMICS,4.4,190,34.0,10000,0.0,3.2
FAMILY,4.2,45,23.0,1000,0.0,1.5
SHOPPING,5.0,21,2.5,100,0.0,1.6
PHOTOGRAPHY,3.5,52,1.8,10000,0.0,2.0
PHOTOGRAPHY,,4,1.4,100,3.99,2.0
FAMILY,4.5,1318,24.0,50000,0.0,1.0
TRAVEL_AND_LOCAL,4.1,98,2.0,5000,0.0,2.0
TOOLS,,1,0.421,50,1.99,1.5
TOOLS,4.3,15,1.2,100,3.99,1.3
BUSINESS,,0,11.0,10,0.0,5.0
FAMILY,4.3,855,7.0,10000,0.0,5.0
PERSONALIZATION,4.4,18,2.1,500,2.0,1.0
PHOTOGRAPHY,,4,16.0,100,0.0,1.2
WEATHER,,15,10.0,1000,0.0,1.1
MEDICAL,,1,28.0,100,0.0,300000.0
FINANCE,,3,5.5,100,0.0,2.3
HEALTH_AND_FITNESS,,0,41.0,5,0.0,7.9
PERSONALIZATION,4.0,289,2.7,10000,0.0,1.01
FINANCE,4.3,23,93.0,1000,0.0,2.6
GAME,4.0,267,40.0,10000,1.99,1.02
GAME,4.7,21,9.0,100,0.0,10.05
COMMUNICATION,,0,4.3,50,0.0,1.7
GAME,,3,2.9,10,0.0,1.6
FINANCE,,2,6.9,10,0.0,1.8
TOOLS,4.3,33,1.0,500,3.99,2.6
PERSONALIZATION,4.2,279,1.1,10000,0.0,1.0
GAME,4.1,496,39.0,100000,0.0,1.3
LIFESTYLE,3.2,320,31.0,50000,0.0,1.4
SPORTS,3.9,9765,14.0,1000000,0.0,1.38
FINANCE,4.2,798,29.0,50000,0.0,1.0
TOOLS,4.1,783,4.2,100000,0.0,1.0
BUSINESS,4.9,13,5.3,100,0.0,1.11
FAMILY,,1,1.7,100,0.0,1.0
SPORTS,3.7,84,6.3,1000,2.99,3.7
FINANCE,3.5,196,27.0,10000,0.0,1.8
TOOLS,4.9,83,3.1,500,3.99,2.0
COMMUNICATION,3.3,78,2.5,10000,0.0,4.5
BOOKS_AND_REFERENCE,4.9,659,5.0,10000,0.0,4.4
SPORTS,3.4,1520,6.3,50000,0.0,3.7
BOOKS_AND_REFERENCE,,2,7.8,100,0.0,1.0
SPORTS,4.5,2710,4.8,100000,0.0,4.0
FAMILY,5.0,6,9.2,1000,0.0,1.0
AUTO_AND_VEHICLES,3.5,2,34.0,100,0.0,1.10
TOOLS,,6,47.0,1000,0.0,1.2
SOCIAL,,0,8.1,10,0.0,1.1
HEALTH_AND_FITNESS,4.4,622,2.5,10000,0.0,1.3
SHOPPING,3.7,192,36.0,100000,0.0,0.8
SHOPPING,,0,10.0,5,0.0,1.0
FINANCE,4.8,6,6.2,500,0.0,2.0
MEDICAL,,3,10.0,100,0.0,1.0
SPORTS,4.3,1879,4.4,100000,0.0,2.9
HEALTH_AND_FITNESS,4.9,42,18.0,1000,0.0,1.5
SHOPPING,,1,16.0,500,0.0,2.53
FINANCE,,6,9.9,500,0.0,1.1
PRODUCTIVITY,,2,22.0,10,0.0,1.4
SPORTS,,7,1.9,500,0.0,1.3
FAMILY,,0,26.0,10,0.0,1.0
HEALTH_AND_FITNESS,5.0,3,9.3,100,0.0,0.0
FAMILY,,2,28.0,1000,0.0,1.2
PRODUCTIVITY,,7,10.0,50,0.0,1.3
SPORTS,4.4,328,11.0,10000,0.0,2.0
MEDICAL,1.0,1,2.3,100,0.0,1.1
SPORTS,4.5,117,4.4,1000,0.99,2.9
BOOKS_AND_REFERENCE,,0,8.0,100,0.0,1.0
PRODUCTIVITY,4.0,2,10.0,10,0.0,1.3
TOOLS,5.0,1,3.7,10,0.0,2.0
GAME,4.9,59,21.0,500,0.0,1.0
SPORTS,4.7,163,4.6,1000,0.99,3.9
FINANCE,3.9,8185,45.0,500000,0.0,5.1
FAMILY,,53,4.2,5000,0.0,1.0
SHOPPING,3.2,661,7.6,100000,0.0,3.0
BOOKS_AND_REFERENCE,3.5,2539,8.6,500000,0.0,1.1
LIFESTYLE,,0,15.0,100,0.0,2.13
FINANCE,3.7,913,0.07,100000,0.0,1.0
BUSINESS,3.0,597,17.0,100000,0.0,9.0
LIBRARIES_AND_DEMO,4.2,78,0.812,10000,0.0,2.3
BEAUTY,4.0,2,13.0,100,0.0,1.0
LIBRARIES_AND_DEMO,4.1,142,0.442,10000,0.0,2.3
TOOLS,,11,2.0,10,0.99,1.0
LIBRARIES_AND_DEMO,4.0,45,0.842,5000,0.0,2.3
FINANCE,3.1,72,2.4,10000,0.0,2.0
LIBRARIES_AND_DEMO,4.4,34,0.417,1000,0.0,2.3
SPORTS,3.2,4,5.6,100,0.0,4.6
LIBRARIES_AND_DEMO,3.9,71,0.412,10000,0.0,2.3
LIBRARIES_AND_DEMO,4.2,86,0.459,10000,0.0,2.3
BOOKS_AND_REFERENCE,4.7,146,34.0,5000,0.0,1.1
LIBRARIES_AND_DEMO,4.0,24,0.478,1000,0.0,2.3
BUSINESS,,2,10.0,100,0.0,2.7
PRODUCTIVITY,,0,6.2,10,0.0,1.0
LIBRARIES_AND_DEMO,4.0,45,0.335,5000,0.0,2.3
NEWS_AND_MAGAZINES,3.7,533,3.8,50000,0.0,4.4
LIBRARIES_AND_DEMO,4.1,120,0.782,10000,0.0,2.3
LIBRARIES_AND_DEMO,4.4,30,0.721,5000,0.0,2.3
LIBRARIES_AND_DEMO,4.0,50,0.43,5000,0.0,2.3
LIBRARIES_AND_DEMO,3.9,131,0.429,10000,0.0,2.3
LIBRARIES_AND_DEMO,3.6,7,0.192,1000,0.0,2.3
LIBRARIES_AND_DEMO,,21,0.2,5000,0.0,2.3
COMMUNICATION,,23,13.0,1000,0.0,2.0
PRODUCTIVITY,4.6,27,2.5,1000,0.0,1.2
BUSINESS,,0,8.9,50,0.0,1.8
LIBRARIES_AND_DEMO,4.4,63,0.417,5000,0.0,2.3
LIBRARIES_AND_DEMO,4.3,15,0.46,1000,0.0,2.3
GAME,4.5,514,5.9,5000,6.99,1.0
LIBRARIES_AND_DEMO,4.1,66,0.728,10000,0.0,2.3
LIBRARIES_AND_DEMO,3.8,18,0.496,1000,0.0,2.3
LIBRARIES_AND_DEMO,4.1,174,0.816,10000,0.0,2.3
GAME,4.6,144,6.3,1000,6.99,1.0
LIBRARIES_AND_DEMO,3.7,83,0.414,10000,0.0,2.3
LIBRARIES_AND_DEMO,3.9,53,0.334,10000,0.0,2.3
LIBRARIES_AND_DEMO,4.4,50,0.506,5000,0.0,2.3
TOOLS,,83,2.0,1000,0.0,1.0
LIFESTYLE,4.5,31,2.3,1000,0.0,2.1
PRODUCTIVITY,,2,34.0,50,0.0,1.2
PRODUCTIVITY,,0,7.5,10,0.0,1.0
GAME,4.4,33661,60.0,100000,2.99,3.4
GAME,3.5,46801,60.0,1000000,0.0,3.4
FAMILY,4.3,41,7.9,1000,2.99,2.4
FAMILY,4.5,65,24.0,10000,0.0,6.0
FAMILY,4.5,5591653,95.0,50000000,0.0,35.119
GAME,4.4,1432447,59.0,50000000,0.0,1.3
FAMILY,4.2,13,23.0,1000,2.49,2.6
GAME,4.3,1167143,12.0,100000000,0.0,1.18
GAME,,1,11.0,100,1.99,1.0
FINANCE,3.6,73,14.0,10000,0.0,1.5
FAMILY,4.0,3,2.2,500,0.0,1.1
GAME,3.8,488,30.0,100000,0.0,1.3
FAMILY,,2,8.5,10,46.99,1.0
FAMILY,,3,19.0,1000,0.99,1.4
GAME,4.4,125578,17.0,5000000,0.0,1.1
FAMILY,3.8,87734,32.0,10000000,0.0,16.0
GAME,3.9,164,33.0,10000,0.0,1.0
GAME,4.1,14283,4.2,1000000,0.0,1.1
FAMILY,4.3,6,33.0,1000,2.49,1.5
SOCIAL,3.5,20675,96.0,1000000,0.0,4.4
LIBRARIES_AND_DEMO,,4,4.7,100,0.99,0.0
SOCIAL,4.3,51569,26.0,1000000,0.0,5.4
LIFESTYLE,,11,23.0,1000,0.0,1.2
FAMILY,4.7,10,30.0,1000,2.99,1.3
GAME,4.5,38297,6.4,10000000,0.0,1.0
FAMILY,3.8,159398,28.0,5000000,0.0,2.22
GAME,4.5,776730,49.0,10000000,0.0,2.23
GAME,4.2,152,16.0,10000,0.0,2.1
FAMILY,4.3,70903,51.0,5000000,0.0,1.3
EVENTS,4.1,110,2.6,5000,0.0,1.3
PHOTOGRAPHY,4.6,819694,25.0,10000000,0.0,4.2
GAME,4.5,1243017,27.0,50000000,0.0,3.0
FAMILY,4.5,66740,23.0,1000000,0.0,2.4
TRAVEL_AND_LOCAL,3.0,69,31.0,10000,0.0,3.4
HEALTH_AND_FITNESS,2.6,186,25.0,10000,0.0,1.1
BUSINESS,3.4,25,16.0,10000,0.0,1.1
MEDICAL,4.4,578,0.704,10000,0.99,7.0
MEDICAL,4.2,33033,7.4,5000000,0.0,3.27
LIFESTYLE,4.0,7808,5.0,1000000,0.0,1.2
MEDICAL,4.7,8347,2.6,500000,0.0,1.4
MEDICAL,3.4,18,45.0,1000,0.0,1.2
MEDICAL,3.7,9,23.0,1000,0.0,1.1
MEDICAL,3.7,3596,8.4,1000000,0.0,4.0
MEDICAL,4.5,3320,8.3,100000,0.0,3.1
FAMILY,3.9,174423,7.9,10000000,0.0,2.28
MEDICAL,5.0,6,26.0,1000,0.0,1.0
MEDICAL,4.3,17,6.0,10000,0.0,1.0
MEDICAL,4.2,178,4.8,1000,0.99,4.1
HEALTH_AND_FITNESS,,0,4.6,50,5.99,2.0
MEDICAL,4.0,255,16.0,10000,0.0,2.5
MEDICAL,,7,5.7,5000,0.0,3.0
MEDICAL,4.5,309,5.9,10000,0.0,2.21
MEDICAL,4.0,91,0.335,10000,0.0,1.6
BOOKS_AND_REFERENCE,4.4,52,2.2,1000,0.0,2.0
MEDICAL,1.8,30,0.887,500,0.0,1.1
HEALTH_AND_FITNESS,4.3,12,0.613,1000,0.0,1.0
LIFESTYLE,5.0,3,1.5,100,0.0,1.1
HEALTH_AND_FITNESS,5.0,1,12.0,50,0.0,1.0
BUSINESS,,0,26.0,100,0.0,1.3
FAMILY,3.2,12,13.0,1000,0.0,1.3
FAMILY,4.6,47,3.3,5000,0.0,1.1
MEDICAL,3.8,4,2.9,1000,0.0,1.0
MEDICAL,3.9,31,10.0,1000,0.0,1.0
MEDICAL,4.2,34,3.2,1000,0.0,1.2016
SHOPPING,,0,2.5,10,0.0,1.0
MEDICAL,4.0,11,1.8,1000,0.0,1.1
MEDICAL,3.8,292,2.7,100000,0.0,43.0
FAMILY,4.1,157,7.0,50000,0.0,1.2
HEALTH_AND_FITNESS,3.9,26,12.0,1000,0.0,1.0
HEALTH_AND_FITNESS,2.1,32,9.6,1000,0.0,5.9
LIFESTYLE,1.8,5,18.0,1000,0.0,26.0
MEDICAL,4.2,70,1.9,10000,0.0,2.46
MEDICAL,2.0,1,29.0,50,0.0,7.9
TOOLS,,0,9.4,100,0.0,4.4
EVENTS,,0,6.7,1,109.99,0.0
HEALTH_AND_FITNESS,3.4,2256,1.6,500000,0.0,1.1
MEDICAL,4.3,46,2.0,10000,0.0,1.0
TOOLS,3.7,5004,2.5,1000000,0.0,8.3
GAME,4.7,191,7.2,5000,0.0,4.1
BOOKS_AND_REFERENCE,4.5,67186,6.3,1000000,0.0,4.4
TOOLS,4.6,18,4.0,100,0.0,3.4
PRODUCTIVITY,3.6,26,1.2,5000,0.0,10.0
HOUSE_AND_HOME,,0,5.6,100,0.0,1.0
TOOLS,4.4,8259,3.5,1000000,0.0,13.3
FAMILY,4.6,41,9.2,1000,0.0,5.1
PRODUCTIVITY,,17,1.2,1000,0.0,10.0
TRAVEL_AND_LOCAL,,7,18.0,50,0.0,5.63
FAMILY,2.3,3,36.0,1000,0.0,2.4
PRODUCTIVITY,,9,1.2,1000,0.0,10.0
NEWS_AND_MAGAZINES,,2,8.8,50,0.0,7.2
PRODUCTIVITY,3.8,8211,4.1,5000000,0.0,1.8
BUSINESS,,0,2.5,100,0.0,1.3
TOOLS,3.0,2,2.7,100,0.0,1.0
FOOD_AND_DRINK,5.0,2,33.0,50,0.0,0.8
PERSONALIZATION,4.5,43,28.0,10000,0.0,1.1
PERSONALIZATION,4.4,16,6.7,5000,0.0,1.3
FAMILY,4.5,516,21.0,50000,0.0,1.4
FOOD_AND_DRINK,4.8,18,3.5,5000,0.0,1.0
TOOLS,4.3,3068,6.0,100000,0.0,11.1
LIFESTYLE,,0,22.0,50,0.0,1.1
FOOD_AND_DRINK,3.7,3,27.0,1000,0.0,1.01
PERSONALIZATION,4.5,13466,3.4,500000,0.0,1.9
TOOLS,4.3,27749,16.0,1000000,0.0,3.3
FOOD_AND_DRINK,,3,12.0,100,0.0,2.6
FAMILY,4.4,77,10.0,10000,0.0,1.6
TOOLS,4.5,28030,9.0,1000000,0.0,4.4
LIFESTYLE,1.6,242,36.0,50000,0.0,1.2
FOOD_AND_DRINK,,0,12.0,50,0.0,2.6
FOOD_AND_DRINK,,0,3.6,100,0.0,1.0
FAMILY,4.5,75719,30.0,5000000,0.0,3.3
SHOPPING,,0,19.0,100,0.0,5.13
FOOD_AND_DRINK,,1,13.0,50,0.0,2.7
FAMILY,,0,33.0,100,0.0,30.0
FOOD_AND_DRINK,,0,14.0,5,0.0,2.0
SHOPPING,,0,0.243,10,0.0,1.0
TOOLS,,40,24.0,1000,0.0,1.11
FOOD_AND_DRINK,3.8,1103,6.6,100000,0.0,1.4
FAMILY,4.3,21804,44.0,1000000,0.99,2.6
GAME,4.3,20691,89.0,1000000,0.0,5.7
LIFESTYLE,3.0,859,3.5,100000,0.0,1.7
SPORTS,4.0,232,32.0,50000,0.0,2.1
LIBRARIES_AND_DEMO,4.2,130287,50.0,10000000,0.0,1.8
PRODUCTIVITY,4.8,5865,15.0,100000,4.49,1.0
VIDEO_PLAYERS,4.0,46,3.1,5000,0.0,1.0
FAMILY,4.5,41,30.0,5000,0.0,1.01
FAMILY,,1,34.0,100,0.0,1.0
FINANCE,4.7,413,13.0,10000,0.0,5.9
SOCIAL,1.9,16,2.6,1000,0.0,1.0
SOCIAL,4.9,29,2.5,500,0.0,5.0
SOCIAL,4.7,2068,7.5,100000,0.0,1.0
FAMILY,,4,0.569,100,0.0,1.4
FAMILY,4.9,1288,26.0,10000,0.0,1.0
SOCIAL,4.8,1902,5.2,100000,0.0,1.3
PRODUCTIVITY,,0,5.4,0,154.99,1.0
MAPS_AND_NAVIGATION,,88,9.1,5000,0.0,3.46
GAME,4.5,1418,26.0,10000,0.0,1.2
BUSINESS,,0,28.0,50,0.0,1.0
FAMILY,,0,3.8,10,0.0,1.0
BUSINESS,4.5,43,92.0,100,0.0,3.0
PERSONALIZATION,,19,0.206,1000,0.0,1.5
GAME,5.0,7,19.0,5,0.0,1.0
BUSINESS,,30,93.0,100,0.0,3.0
VIDEO_PLAYERS,3.9,1016,13.0,50000,0.0,6.0
FAMILY,,0,1.8,50,0.0,1.0
NEWS_AND_MAGAZINES,,49,10.0,5000,0.0,8.0
COMICS,4.3,109,3.5,10000,0.0,1.0
VIDEO_PLAYERS,,23,7.5,1000,0.0,1
FAMILY,4.8,1304467,68.0,10000000,0.0,2.9
TOOLS,4.3,1320,0.778,100000,0.0,1.0
BOOKS_AND_REFERENCE,4.6,156,2.1,10000,0.0,2.0
FAMILY,,1,9.2,10,0.0,1.0
PERSONALIZATION,,0,3.0,500,0.0,1.2
GAME,4.1,1167,72.0,100000,0.0,1.4
SHOPPING,4.5,245104,35.0,5000000,0.0,3.6
GAME,3.8,8175,31.0,1000000,0.0,2.11
GAME,2.4,45,4.1,10000,0.0,1.1
GAME,2.8,48,13.0,10000,0.0,1.0
GAME,4.5,947515,60.0,10000000,0.0,5.3
FAMILY,4.6,5546,85.0,100000,0.0,1.21
GAME,4.1,13304,1.3,1000000,0.0,1.2
FAMILY,4.6,9,6.9,1000,0.0,1.2
VIDEO_PLAYERS,4.3,9966,5.5,1000000,0.0,1.23
FAMILY,4.6,70335,58.0,500000,0.0,1.0
FAMILY,5.0,15,94.0,50,0.0,2.0
COMMUNICATION,5.0,1,0.683,50,0.0,0.1
FAMILY,3.9,14,0.592,1000,0.0,2.0
FAMILY,3.9,168,6.4,5000,0.0,1.1
FAMILY,4.2,5,3.3,100,0.0,1.1
TOOLS,,3,0.319,10,0.99,1.11
FAMILY,,1,24.0,100,0.0,2.0
GAME,,3,36.0,100,0.0,1.0
VIDEO_PLAYERS,3.5,54,0.186,10000,0.0,1.0
FAMILY,,16,3.5,1000,0.0,2.0
FAMILY,4.0,4,0.84,100,0.0,1.0
GAME,,0,41.0,100,0.0,1.0
FAMILY,3.7,56,1.5,5000,0.0,1.1
GAME,3.8,10,36.0,1000,0.0,6
TOOLS,4.3,269,0.647,50000,0.0,4.0
COMMUNICATION,,10,5.3,500,0.0,0.12
NEWS_AND_MAGAZINES,,10,19.0,100,0.0,0.0
MAPS_AND_NAVIGATION,4.5,6,2.5,50,0.0,2.1
FAMILY,4.6,11480,93.0,100000,0.0,1.0
TOOLS,,9,2.8,50,0.0,2.3
FAMILY,4.5,301,5.6,10000,0.0,1.0
FAMILY,4.3,1895,72.0,50000,0.0,1.0
FAMILY,4.4,847,21.0,10000,0.0,2.3
TOOLS,,0,0.191,10,0.0,1.1
NEWS_AND_MAGAZINES,,55,22.0,1000,0.0,2.0
FAMILY,4.6,19640,67.0,100000,0.0,2.0
FAMILY,,0,0.842,50,1.49,1.3
TOOLS,3.9,333,1.1,100000,0.0,2.4
BUSINESS,,0,6.9,10,0.0,1.00
MAPS_AND_NAVIGATION,3.1,742,15.0,100000,0.0,5.7
TOOLS,3.9,71,1.1,10000,0.0,2.0
FAMILY,4.4,138,6.2,10000,0.0,3.7
BOOKS_AND_REFERENCE,4.4,47,1.4,1000,3.08,1.22
FAMILY,4.4,48451,52.0,1000000,0.0,4.6
SOCIAL,4.6,22,8.7,1000,0.0,31.1
TOOLS,3.9,15665,0.373,5000000,0.0,1.1
TOOLS,4.6,3703,3.8,100000,0.0,4.1
TOOLS,2.5,2794,3.8,1000000,0.0,2.9
TOOLS,4.6,251,3.8,1000,0.99,4.1
TOOLS,2.8,632,8.2,500000,0.0,1.0
COMMUNICATION,4.0,32,0.437,5000,0.0,1.6
BUSINESS,3.4,54,5.7,10000,0.0,3.61
SOCIAL,3.8,32,1.6,10000,0.0,1.0
BUSINESS,4.5,80,16.0,10000,0.0,2.54
BUSINESS,4.8,8,2.6,5000,0.0,2.0
PHOTOGRAPHY,3.3,1307,6.6,500000,0.0,1.8
COMMUNICATION,3.9,97,0.598,50000,0.0,1.0
COMMUNICATION,3.5,33,2.7,10000,0.0,2.2
COMMUNICATION,4.0,1926,0.716,1000000,0.0,1.3
NEWS_AND_MAGAZINES,,24,14.0,1000,0.0,1.0
COMMUNICATION,3.6,437,12.0,100000,0.0,2.66
TOOLS,,0,46.0,500,0.0,1.0
BUSINESS,4.7,12,13.0,500,0.0,3.4
COMMUNICATION,3.9,20829,1.9,5000000,0.0,4.5
FAMILY,5.0,2,1.2,500,0.0,1.0
BUSINESS,4.6,14,4.3,500,0.0,3.3
TOOLS,3.9,4374,13.0,1000000,0.0,3.1
LIFESTYLE,4.9,26,8.4,1000,0.0,3.8
TOOLS,3.6,11187,7.3,1000000,0.0,1.7
TOOLS,3.7,2992,0.585,500000,0.0,2.1
MAPS_AND_NAVIGATION,3.9,22,3.2,1000,0.0,2.2
LIFESTYLE,2.7,135,6.5,10000,0.0,1.2
TOOLS,3.8,67,2.7,10000,0.0,1.9
NEWS_AND_MAGAZINES,2.8,636,1.4,100000,0.0,1.12
TOOLS,3.5,4,17.0,500,0.0,1.0
TOOLS,4.1,36,3.1,10000,0.0,1.16
TOOLS,,0,2.4,100,0.0,2.3
TOOLS,4.7,1363,1.6,10000,2.59,2.5
TOOLS,4.5,21979,0.982,1000000,0.0,2.1
SOCIAL,4.1,158,26.0,50000,0.0,2.3
LIBRARIES_AND_DEMO,,3,19.0,100,0.0,1.1
TOOLS,,0,2.9,10,0.0,1.2
BUSINESS,4.8,16,4.5,500,0.0,1.0
TOOLS,,2,42.0,1000,0.0,1.0
TOOLS,,20,7.9,1000,0.0,1.2
COMMUNICATION,3.4,198,0.219,50000,0.0,3.2
TOOLS,5.0,3,0.055,100,0.0,1.0
SPORTS,,3,0.948,10,4.8,1.0
TOOLS,,0,7.3,5,8.99,5.3
TOOLS,4.3,37,0.323,5000,0.0,1.1
FAMILY,4.4,37122,89.0,1000000,0.0,1.03
FAMILY,1.8,5,5.2,1000,0.0,4.0
MAPS_AND_NAVIGATION,4.2,57,15.0,10000,0.0,2.02
GAME,3.3,294,19.0,10000,0.0,1.0
SHOPPING,,2,7.6,1000,0.0,3.0
FAMILY,5.0,7,5.6,10,0.0,1.0
TRAVEL_AND_LOCAL,,0,18.0,100,0.0,1.2
FAMILY,,1,24.0,10,0.0,3.2
TRAVEL_AND_LOCAL,,3,10.0,100,0.0,1.0
LIFESTYLE,4.8,10,11.0,1000,0.0,4.2
TRAVEL_AND_LOCAL,,0,29.0,10,0.0,1.4
FAMILY,4.5,472,4.3,10000,0.0,2.4
FAMILY,5.0,100,10.0,1000,0.0,3.1
FAMILY,4.5,22167,88.0,1000000,0.0,1.18
FAMILY,4.7,38,5.3,500,0.0,5.45
LIFESTYLE,,0,5.4,10,0.0,3.0
FAMILY,4.6,69,3.1,1000,0.0,2.4
BEAUTY,,1,6.0,50,0.0,1.0
FAMILY,,8,26.0,100,0.0,3.3
FAMILY,4.5,38,6.5,1000,0.0,1.0
GAME,,1,19.0,10,0.0,3.3
GAME,,0,33.0,50,0.0,3.1
SPORTS,3.5,4,40.0,100,0.0,6.0
FAMILY,,11,9.2,1000,0.0,1.0
GAME,,4,28.0,100,0.0,3.1
FAMILY,3.5,4,21.0,1000,0.0,1.1
BUSINESS,2.9,28,20.0,500,17.99,2.0
BOOKS_AND_REFERENCE,,3,4.0,100,0.0,3.1
GAME,,2,26.0,50,0.0,3.1
GAME,,31,26.0,1000,0.0,3.2
GAME,,0,33.0,10,0.0,3.1
FAMILY,,3,25.0,100,0.0,3.2
BOOKS_AND_REFERENCE,,0,44.0,10,0.0,1.0
GAME,,14,19.0,1000,0.0,3.1
BOOKS_AND_REFERENCE,4.8,238,27.0,10000,0.0,1.0
BOOKS_AND_REFERENCE,4.7,119,1.5,1000,0.0,1.0
LIFESTYLE,4.1,14,13.0,100,0.0,2.0
PRODUCTIVITY,5.0,3,4.8,100,0.0,2.0
COMMUNICATION,5.0,3,1.6,100,0.0,1
HEALTH_AND_FITNESS,,1,4.9,100,0.0,1.2
HEALTH_AND_FITNESS,,1,3.5,500,0.0,1.1
MEDICAL,,0,8.7,500,0.0,1.1
HEALTH_AND_FITNESS,4.0,4015,7.7,1000000,0.0,6.0
SHOPPING,,5,19.0,500,0.0,2.5
BUSINESS,4.3,28,3.4,1000,0.0,1.1
BUSINESS,,0,2.9,100,0.0,2.1
MEDICAL,4.1,698,2.4,100000,0.0,1.1
FAMILY,5.0,8,2.7,100,0.0,1.1
TRAVEL_AND_LOCAL,,0,5.0,100,0.0,1.3
HEALTH_AND_FITNESS,5.0,2,5.9,500,0.0,2.0
BUSINESS,,10,2.8,100,0.0,1.3
MEDICAL,,0,3.4,50,0.0,1.0
SPORTS,,0,12.0,100,0.0,7.1
SHOPPING,4.0,6,20.0,100,0.0,1.0
BUSINESS,,9,4.2,100,0.0,1.1
MAPS_AND_NAVIGATION,,1,10.0,10,0.0,2.19
MAPS_AND_NAVIGATION,3.5,8,26.0,10,0.0,1.2
LIFESTYLE,,1,4.0,100,0.0,1.1
MEDICAL,,0,3.6,10,0.0,1.0
BUSINESS,,2,98.0,10,0.0,2.6
FINANCE,4.1,15057,5.7,500000,0.0,2.4
TRAVEL_AND_LOCAL,,0,3.6,100,0.0,1.2
BUSINESS,,17,96.0,500,0.0,24.0
LIFESTYLE,4.6,10198,2.2,100000,0.0,1.10
BUSINESS,,0,10.0,10,0.0,1.0
SPORTS,,3,4.8,50,0.0,1.5
BUSINESS,,0,2.0,50,0.0,4.1
MAPS_AND_NAVIGATION,4.1,132792,62.0,10000000,0.0,1.17
SHOPPING,4.2,4977,9.8,100000,0.0,11.15
COMMUNICATION,2.2,62,34.0,10000,0.0,2.0
GAME,4.3,45558,53.0,5000000,0.0,1.1
FINANCE,4.7,19784,7.3,100000,2.99,7.6
BUSINESS,,0,2.8,1,0.0,1.0
BUSINESS,4.1,15,24.0,1000,0.0,3.1
BUSINESS,,0,73.0,5,0.0,1.0
LIFESTYLE,3.1,10006,53.0,1000000,0.0,3.2
FAMILY,4.2,246705,27.0,1000000,0.0,3.5
HEALTH_AND_FITNESS,,0,4.4,50,0.0,1.0
TRAVEL_AND_LOCAL,3.0,2719,17.0,100000,0.0,5.14
GAME,4.8,265,1.3,1000,3.49,4.8
TOOLS,3.7,50,19.0,5000,0.0,1.2
PERSONALIZATION,3.1,112,8.8,1000,0.99,2.1
GAME,4.6,547,1.3,10000,0.0,4.8
PHOTOGRAPHY,2.9,333,1.8,50000,0.0,1.8
PHOTOGRAPHY,4.2,329,4.8,100000,0.0,1.1
GAME,4.7,705,1.8,10000,0.0,1.2
GAME,4.5,70,0.691,1000,0.0,1.6
LIFESTYLE,2.8,48,12.0,5000,0.0,2.8
BOOKS_AND_REFERENCE,,2,20.0,500,0.0,1.1
PERSONALIZATION,4.4,2839,5.1,100000,0.0,1.00
FINANCE,4.4,96,7.2,10000,0.0,2.9
FINANCE,4.1,2048,24.0,100000,0.0,4.2
BUSINESS,4.6,48,7.4,1000,0.0,1.5
MAPS_AND_NAVIGATION,3.0,67,53.0,5000,0.0,3.19
GAME,4.1,64,1.3,5000,0.0,2.0
PERSONALIZATION,4.2,97890,14.0,1000000,2.49,5.7
TOOLS,,0,8.8,100,0.0,1.1
EVENTS,4.4,16,1.7,100,0.0,1.0
PERSONALIZATION,3.9,25035,14.0,1000000,0.0,5.7
BOOKS_AND_REFERENCE,,0,13.0,500,0.0,1.1
PHOTOGRAPHY,,2,17.0,100,0.0,1.1
PRODUCTIVITY,,0,24.0,10,0.0,1.0
PRODUCTIVITY,,0,17.0,100,0.0,12.0
PERSONALIZATION,4.3,58614,26.0,1000000,0.99,4.3
PERSONALIZATION,4.5,4,0.511,50,0.0,1.4
PERSONALIZATION,4.5,4,1.7,10,0.0,1.1
TRAVEL_AND_LOCAL,3.6,57,32.0,10000,0.0,3.2
LIFESTYLE,2.0,8,12.0,1000,0.0,2.0
TRAVEL_AND_LOCAL,4.0,41,23.0,10000,0.0,2.8
PHOTOGRAPHY,4.5,1376,5.5,100000,1.49,1.51
FAMILY,4.0,11,9.4,1000,0.0,0.0
PERSONALIZATION,4.3,1098,18.0,50000,0.0,1.0
PRODUCTIVITY,,7,1.8,500,0.0,1.0
PERSONALIZATION,4.5,69,0.951,1000,0.99,1.11
ART_AND_DESIGN,4.8,41,1.9,5000,0.0,1.0
PERSONALIZATION,4.5,75,2.6,10000,0.0,2.0
GAME,,1,13.0,10,0.0,1.25
FAMILY,,1,16.0,100,0.0,1.0
PERSONALIZATION,4.2,17,0.963,1000,0.0,1.0
PHOTOGRAPHY,4.5,12572,8.5,1000000,0.0,1.31
FAMILY,4.6,84114,23.0,500000,0.99,1.13
SPORTS,,4,8.2,100,0.0,4.2
BUSINESS,,1,3.8,10,0.0,1.0
PHOTOGRAPHY,3.9,205,2.4,50000,0.0,1.0
PRODUCTIVITY,,2,1.7,10,0.0,1.0
FAMILY,,0,10.0,50,0.0,1.0
FAMILY,4.3,131,2.0,5000,0.0,3.3
TOOLS,3.9,319,0.025,10000,2.99,1.00
TOOLS,4.3,13064,4.6,1000000,0.0,4.72
FINANCE,3.7,120,31.0,10000,0.0,4.1
FINANCE,4.7,3,8.2,100,0.0,1.0
FAMILY,4.3,42,0.554,5000,0.0,2
FINANCE,1.7,21,21.0,100,4.99,5.0
FINANCE,4.5,101,6.9,10000,0.0,1.8
VIDEO_PLAYERS,,0,21.0,100,0.0,1.3
BUSINESS,4.7,3,11.0,100,0.0,1.0
FINANCE,,2,34.0,100,0.0,1.7
FINANCE,5.0,4,4.1,50,0.0,1.0
TOOLS,,1,1.9,100,0.0,2.2
FINANCE,,8,3.5,1000,0.0,2.5
TOOLS,,4,3.0,1000,0.0,1.0
FINANCE,4.6,83,4.0,5000,0.0,1.0
FINANCE,2.9,19,2.2,5000,0.0,1.6
FAMILY,,0,18.0,100,0.0,1.0
FINANCE,4.8,11,3.7,1000,0.0,0.1
HEALTH_AND_FITNESS,2.3,3,2.4,1000,0.0,6.0
HEALTH_AND_FITNESS,,0,9.3,1,0.0,1.0
FAMILY,3.8,174,44.0,10000,0.0,1.0
TOOLS,4.2,5,31.0,500,0.0,1.3
GAME,,12,48.0,1000,0.0,1
FAMILY,4.4,551,38.0,100000,0.0,1.0
GAME,,3,49.0,100,0.0,1.0
GAME,4.0,38448,27.0,5000000,0.0,1.4
COMMUNICATION,4.1,22782,0.351,1000000,0.0,4.2
FINANCE,3.4,5,8.8,500,0.0,1.0
GAME,4.3,85882,23.0,10000000,0.0,6.6
GAME,4.0,51067,48.0,5000000,0.0,1.18
TOOLS,4.2,13005,9.7,1000000,0.0,2
PERSONALIZATION,4.1,131,0.027,1000,4.99,1.0
FINANCE,4.7,396,12.0,10000,0.0,3.1
FAMILY,4.2,41693,74.0,1000000,0.0,1.0
SPORTS,3.9,138739,44.0,10000000,0.0,1.998
FAMILY,3.8,91645,36.0,10000000,0.0,1.94
GAME,4.1,41,1.4,5000,0.0,2.2
GAME,3.8,299,25.0,10000,0.0,1.1
FAMILY,3.7,7664,44.0,500000,0.0,1.0
GAME,4.3,25952,36.0,500000,0.0,1.1
TOOLS,4.0,22,0.082,1000,0.99,2.4
GAME,4.2,51791,57.0,1000000,0.0,1.53
FAMILY,4.7,513,9.8,50000,0.0,1.4
GAME,4.7,142308,24.0,5000000,0.0,2.0
GAME,4.3,54221,47.0,1000000,0.0,1.2
FAMILY,4.2,2231,37.0,500000,0.0,2.9
FAMILY,3.5,1380,6.9,500000,0.0,1.6
FAMILY,4.7,412744,10.0,10000000,0.0,0.2
FAMILY,4.7,12784,15.0,1000000,0.0,1.3
LIFESTYLE,4.5,2586,9.4,100000,0.0,1.9
FAMILY,4.5,992,49.0,100000,0.0,1.2
FAMILY,4.7,24557,24.0,1000000,0.0,1.3
FAMILY,4.6,16041,7.3,1000000,0.0,1.3
GAME,4.6,267229,24.0,10000000,0.0,1.7
FAMILY,4.9,55723,14.0,1000000,0.0,3.3
PHOTOGRAPHY,4.4,1490722,21.0,50000000,0.0,4.8
FAMILY,4.4,23474,8.8,5000000,0.0,1.0
FAMILY,4.5,12293,4.0,1000000,0.0,1.2
FAMILY,4.4,3588,18.0,500000,0.0,1.18
FAMILY,4.4,767,18.0,100000,0.0,1.1
FAMILY,3.0,1279,13.0,100000,0.0,1.1
FAMILY,4.8,22290,13.0,500000,0.0,18.08
FAMILY,4.7,34279,24.0,1000000,0.0,1.2
FAMILY,4.0,309,25.0,100000,0.0,1.4
FAMILY,3.7,1478,43.0,100000,0.0,4.0
FAMILY,3.5,807,4.6,500000,0.0,1.4
FAMILY,2.7,5706,47.0,500000,0.0,1.7
GAME,4.7,183343,20.0,5000000,0.0,1.5
FAMILY,4.1,213,26.0,50000,0.0,1.2
FAMILY,4.5,5481,69.0,500000,0.0,1.3
FAMILY,4.6,769,13.0,100000,0.0,1.06
BEAUTY,4.5,45452,9.2,5000000,0.0,1.25
FAMILY,4.4,289,19.0,100000,0.0,1.2
SOCIAL,4.3,112223,34.0,1000000,0.0,5.68
FAMILY,4.5,2442,13.0,100000,0.0,2.5
FAMILY,4.6,12034,34.0,1000000,0.0,4.8
FAMILY,4.7,8264,24.0,500000,0.0,1.0
FAMILY,4.6,1977,3.8,100000,0.0,1.0
FAMILY,3.1,305,8.3,100000,0.0,3
FAMILY,3.9,6903,25.0,1000000,0.0,2.0
GAME,4.7,62561,53.0,1000000,0.0,2.4
FAMILY,4.6,9016,24.0,1000000,0.0,0.9
BUSINESS,4.7,41625,5.4,1000000,0.0,2.3
NEWS_AND_MAGAZINES,,114,7.7,10000,0.0,1.6
MEDICAL,5.0,2,11.0,100,0.0,1.0
WEATHER,4.4,8433,5.6,100000,0.0,5.0
BUSINESS,4.8,726,5.4,1000,3.99,2.3
FAMILY,,1,17.0,100,0.0,1.3
SOCIAL,4.1,8,4.4,100,0.0,0.0
NEWS_AND_MAGAZINES,4.3,828,8.2,10000,0.0,1.98
GAME,4.4,12,98.0,1000,0.0,1.4
TOOLS,4.7,7,29.0,1000,0.0,3.8
SHOPPING,4.0,4,2.4,10,0.0,1.0
NEWS_AND_MAGAZINES,3.4,736,8.5,50000,0.0,7.5
GAME,4.6,15,3.2,50,0.0,1.3
PERSONALIZATION,,0,3.8,10,0.0,2.1
NEWS_AND_MAGAZINES,2.8,33,33.0,1000,0.0,1.4
TRAVEL_AND_LOCAL,3.1,421,53.0,100000,0.0,4.4
SHOPPING,,1,6.2,500,0.0,1.1
NEWS_AND_MAGAZINES,3.9,262,22.0,10000,0.0,5.3
PERSONALIZATION,,5,17.0,1000,0.0,1.11
NEWS_AND_MAGAZINES,4.2,69,25.0,5000,0.0,5.1
FINANCE,4.5,64983,39.0,1000000,0.0,5.0
PRODUCTIVITY,,5,4.6,500,0.0,1.0
TRAVEL_AND_LOCAL,4.1,60,13.0,1000,0.0,1.0
NEWS_AND_MAGAZINES,,4,36.0,100,0.0,2.4
FAMILY,4.2,12,13.0,1000,0.0,1.0
NEWS_AND_MAGAZINES,,64,8.5,1000,0.0,7.5
NEWS_AND_MAGAZINES,,72,25.0,5000,0.0,5.1
MAPS_AND_NAVIGATION,3.3,555,31.0,50000,0.0,2.1
FAMILY,4.4,75,3.7,500,0.0,2.1
VIDEO_PLAYERS,,22,8.5,1000,0.0,7.5
FAMILY,4.4,36,24.0,10000,0.0,1.0
GAME,4.6,20,34.0,100,0.0,1.0
SHOPPING,4.4,19212,6.9,500000,0.0,0.2
GAME,4.5,14,45.0,100,0.0,1.0
TRAVEL_AND_LOCAL,4.1,46,12.0,1000,0.0,2.0
NEWS_AND_MAGAZINES,2.2,23,33.0,1000,0.0,1.4
FAMILY,4.2,31,35.0,5000,0.0,1.01
FAMILY,4.8,4,25.0,1000,0.0,1.0
GAME,,0,48.0,50,0.0,1.0
TOOLS,,3,1.0,500,0.0,1.0
FINANCE,3.2,124,7.2,10000,0.0,1.2
TRAVEL_AND_LOCAL,4.3,291,14.0,10000,0.0,1.2
TOOLS,4.6,21,8.9,1000,0.0,1.3
TOOLS,4.5,31621,0.208,5000000,0.0,2.0
FINANCE,,38,9.4,5000,0.0,1.8
BUSINESS,3.4,91,8.3,10000,0.0,3.1
BUSINESS,,9,6.9,1000,0.0,1.0
BUSINESS,,0,12.0,10,0.0,1.1
TOOLS,3.3,688,5.5,100000,0.0,2.3
FAMILY,4.2,7000,26.0,1000000,0.0,3.0
FAMILY,,1,98.0,100,0.0,1.093
BUSINESS,2.4,16,5.2,500,0.0,1.0
BUSINESS,3.2,54,7.7,1000,0.0,8.4
BUSINESS,3.1,104,5.3,10000,0.0,2.0
TOOLS,3.8,39,0.375,10000,0.0,2.2
BUSINESS,,0,3.7,10,0.0,1.21
LIFESTYLE,4.8,74,2.9,5000,0.0,1.6
PRODUCTIVITY,3.7,7,18.0,1000,0.0,7.17
TOOLS,4.2,5463,6.0,1000000,0.0,4.0
SHOPPING,3.7,2094,34.0,100000,0.0,4.8
PRODUCTIVITY,3.0,5,7.0,100,4.99,1.3
BOOKS_AND_REFERENCE,3.9,56,38.0,5000,0.0,1.17
TRAVEL_AND_LOCAL,4.0,305,5.4,10000,0.0,6.3
LIFESTYLE,5.0,12,1.2,100,0.99,1.0
PRODUCTIVITY,,0,1.2,100,0.0,2.0
COMMUNICATION,4.0,17998,7.9,1000000,0.0,2.6
MAPS_AND_NAVIGATION,2.7,89,2.3,10000,0.0,1.0
TOOLS,3.1,364,2.3,100000,0.0,2
COMMUNICATION,4.1,901,0.323,100000,0.0,1.0
TOOLS,4.0,5,1.4,100,0.99,1.0
COMMUNICATION,3.8,21785,2.5,1000000,0.0,1.41
FAMILY,3.8,5,12.0,1000,0.0,1.200
BUSINESS,4.3,6,15.0,1000,0.0,1.0
TOOLS,3.5,382,3.1,100000,0.0,1.9
FINANCE,4.5,96,12.0,10000,0.0,4.17
TOOLS,3.9,127,1.5,50000,0.0,1.0
TOOLS,,30,9.0,500,0.0,2.4
FINANCE,4.5,1308,3.7,100000,0.0,13.0
HEALTH_AND_FITNESS,,0,8.7,10,0.0,1.1
SHOPPING,,19,19.0,100,0.0,1.0
LIFESTYLE,3.3,3,7.4,500,0.0,1.2
PERSONALIZATION,4.1,4538,3.3,1000000,0.0,3.1
HEALTH_AND_FITNESS,,0,0.913,50,0.0,1.0
FAMILY,,14,4.9,1000,0.0,1.1
HEALTH_AND_FITNESS,5.0,1,7.8,10,0.0,4.2
HOUSE_AND_HOME,,0,5.0,50,0.0,1.0
COMMUNICATION,3.7,916,12.0,100000,0.0,2.2
FINANCE,4.8,6,11.0,1000,0.0,4.19
FINANCE,1.5,57,25.0,1000,0.0,4.3
PHOTOGRAPHY,5.0,13,2.6,100,0.0,0.0
PHOTOGRAPHY,4.6,26,7.2,500,0.0,2
FAMILY,,1,1.8,10,0.0,1.0
BUSINESS,,3,2.6,100,0.0,10
HEALTH_AND_FITNESS,5.0,5,14.0,100,0.0,1.0
FINANCE,4.7,11,2.2,1000,0.0,1.6
FAMILY,,2,1.9,100,0.0,1.0
PERSONALIZATION,4.7,26,5.6,1000,0.0,1.0
TOOLS,,1,0.514,10,0.0,4.0
FAMILY,5.0,7,20.0,50,0.0,1.2
FINANCE,4.5,198,11.0,10000,0.0,1.8
FINANCE,,1,12.0,100,0.0,1.9
FAMILY,5.0,1,5.6,10,0.0,1.0
BUSINESS,,0,6.4,100,0.0,6.3
COMMUNICATION,5.0,5,3.7,50,0.0,1.0
PHOTOGRAPHY,4.2,17,3.4,5000,0.0,1.0
FINANCE,1.0,3,8.4,500,0.0,4.4
TOOLS,4.5,14,2.9,500,0.99,2.2
TOOLS,4.2,522,2.9,50000,0.0,2.2
SOCIAL,5.0,5,1.8,5,0.0,1.2
TOOLS,4.2,11,3.1,500,0.99,1.9
GAME,4.4,201426,80.0,5000000,0.0,1.0
PRODUCTIVITY,3.9,44,3.3,10000,0.0,5.7
GAME,4.6,26138,15.0,1000000,0.0,1.0
GAME,3.8,51523,36.0,500000,0.0,1.0
LIFESTYLE,,5,8.3,500,0.0,1.0
LIFESTYLE,4.0,209,3.1,50000,0.0,3.0
BUSINESS,,1,9.5,100,0.0,0.9
NEWS_AND_MAGAZINES,,6,4.8,100,0.0,6.3
BUSINESS,,2,6.7,100,0.0,2.00
NEWS_AND_MAGAZINES,,1,1.5,5,0.0,1.0
LIFESTYLE,,8,9.2,500,0.0,4.1
BOOKS_AND_REFERENCE,3.4,37,3.4,10000,0.0,1.5
LIFESTYLE,,0,13.0,10,0.0,7.1
FAMILY,5.0,10,5.8,500,0.0,0.0
LIFESTYLE,4.6,6477,20.0,10000,7.99,2.26
TOOLS,,2,20.0,100,0.0,1.0
FAMILY,,2,63.0,500,0.0,1.0
LIFESTYLE,,0,13.0,10,0.0,1.0
FAMILY,,17,27.0,100,0.0,2
FAMILY,5.0,8,3.8,500,0.0,2.0
SPORTS,,6,16.0,500,0.0,6.0
LIBRARIES_AND_DEMO,,1,2.3,100,0.0,1.0
LIFESTYLE,,5,12.0,500,0.0,1.0
ART_AND_DESIGN,,7,5.6,5000,0.0,1.0
TOOLS,3.0,262,37.0,10000,0.0,1.0
TRAVEL_AND_LOCAL,,0,22.0,5,0.0,4.6
VIDEO_PLAYERS,4.2,1008,1.7,100000,0.0,1.0
MAPS_AND_NAVIGATION,4.3,12,2.6,100,0.0,4.0
LIFESTYLE,,3,7.9,1000,0.0,1.0
TOOLS,,0,20.0,500,0.0,1.0
TRAVEL_AND_LOCAL,,0,5.7,5,0.0,106
AUTO_AND_VEHICLES,,21,16.0,100,1.49,1.49
NEWS_AND_MAGAZINES,,0,1.7,5,0.0,1.0
NEWS_AND_MAGAZINES,,2,4.2,50,0.0,1.1
LIFESTYLE,4.4,5,4.6,1000,0.0,1.0
TOOLS,3.2,27,2.7,5000,0.0,1.2
SPORTS,,1,7.2,50,0.0,7.3
MEDICAL,,1,46.0,50,0.0,1.0
BUSINESS,,0,14.0,5,0.0,2.3
LIFESTYLE,3.5,155,12.0,10000,0.0,3.1
TOOLS,4.4,79,3.7,10000,0.0,1.283
MAPS_AND_NAVIGATION,4.5,62,1.6,1000,0.99,1.3
FAMILY,3.7,190,12.0,10000,0.0,2.2
TOOLS,5.0,3,29.0,100,0.0,2.2
GAME,4.5,1692,36.0,10000,4.99,1.1
FAMILY,4.5,12,4.0,1000,0.0,3.0
FAMILY,4.1,1143,15.0,10000,2.99,1.0
BUSINESS,,0,42.0,100,0.0,102.0
MEDICAL,3.4,16,7.8,5000,0.0,1.3
FAMILY,4.1,188,4.6,10000,0.0,1.3
FAMILY,,0,4.3,1000,0.0,1.3
FINANCE,,1,2.8,500,0.0,3.0
FAMILY,5.0,1,27.0,100,4.99,1.5
SPORTS,4.2,28,7.3,1000,0.0,1.52
FAMILY,4.1,3433,23.0,50000,0.0,1.1
FAMILY,4.1,2683,20.0,50000,0.0,1.0
FAMILY,,7,5.4,1000,0.0,1.0
BUSINESS,4.2,45,24.0,1000,0.0,1.15
GAME,4.3,4923,20.0,100000,0.0,1.0
FAMILY,,1,1.4,50,2.0,2.4
FAMILY,5.0,22,3.6,1000,0.0,2.0
FAMILY,4.4,7,6.3,500,0.0,1.4
BUSINESS,,0,21.0,100,0.0,6.6
FAMILY,4.3,363,14.0,1000,2.99,1.0
BUSINESS,4.5,2,25.0,100,0.0,1.0
FAMILY,,0,16.0,100,0.0,1.0
FAMILY,4.8,65,55.0,5000,0.0,1.0
TOOLS,4.4,885187,22.0,50000000,0.0,4.7
FAMILY,,10,3.0,500,0.0,1.1
LIBRARIES_AND_DEMO,,0,2.6,100,0.0,1.1
LIFESTYLE,,1,24.0,100,0.0,1.0
TOOLS,4.4,113951,0.551,10000000,0.0,1.0
TOOLS,,0,4.0,50,0.0,1.0
MEDICAL,,0,5.1,1,3.99,1.5
NEWS_AND_MAGAZINES,,2,22.0,50,0.0,1.0
PRODUCTIVITY,,0,21.0,50,0.0,2.3
TRAVEL_AND_LOCAL,,1,18.0,1000,0.0,1.4
PARENTING,4.7,658087,62.0,10000000,0.0,3.15
PRODUCTIVITY,,0,30.0,10,0.0,1.0
LIFESTYLE,,0,23.0,1,0.0,1.0
BUSINESS,,0,10.0,5,0.0,1.1
GAME,4.3,144040,29.0,5000000,0.0,1.0
TOOLS,4.4,4901,1.9,100000,0.0,3.70
TOOLS,4.6,159,0.029,1000,1.49,1.1
LIFESTYLE,2.8,88,43.0,10000,0.0,1.8
FAMILY,5.0,4,8.3,100,0.0,3.8
TOOLS,4.4,2132,0.103,100000,0.0,1.3
LIFESTYLE,2.0,11,6.2,1000,0.0,2.4
LIFESTYLE,5.0,5,8.3,100,0.0,1.0
PERSONALIZATION,4.4,175,5.5,1000,0.99,1.042
LIFESTYLE,5.0,7,11.0,100,0.0,1.1
PERSONALIZATION,,2,17.0,100,0.0,1.0
COMMUNICATION,3.4,5,2.4,100,0.0,1.4
FINANCE,4.4,11,4.6,500,0.0,1.20
LIFESTYLE,,0,3.0,100,0.0,3.9
TOOLS,3.4,5,21.0,500,0.0,1.0
FINANCE,,4,2.7,100,0.0,1.10
PERSONALIZATION,,2,15.0,100,0.0,1.0
LIFESTYLE,3.3,25,4.7,1000,0.0,1.0
LIFESTYLE,1.5,2,3.0,100,0.0,3.9
MEDICAL,,0,1.4,10,2.99,1.2
PERSONALIZATION,,1,13.0,100,0.0,1.0
PERSONALIZATION,,0,16.0,10,0.0,1.0
FINANCE,5.0,2,2.0,100,0.0,1.1
PERSONALIZATION,,19,11.0,1000,0.0,1.0
TOOLS,4.3,123,2.9,10000,0.0,1.0
MEDICAL,4.3,16,40.0,1000,0.0,5.0
PERSONALIZATION,,3,14.0,100,0.0,1.0
HEALTH_AND_FITNESS,,0,9.7,100,0.0,4.2
HEALTH_AND_FITNESS,,4,7.8,100,0.0,4.2
LIFESTYLE,,2,3.2,50,0.0,1.0
HEALTH_AND_FITNESS,2.2,6,8.0,100,0.0,1.0
GAME,4.6,1432809,29.0,10000000,0.0,3.3
LIFESTYLE,,4,3.1,100,0.0,1.0
SPORTS,,19,3.5,100,0.0,01
HEALTH_AND_FITNESS,5.0,4,14.0,100,0.0,4.2
FAMILY,,1,8.7,50,0.0,3.8
HEALTH_AND_FITNESS,,0,8.8,100,0.0,4.2
HEALTH_AND_FITNESS,4.7,6,9.7,100,0.0,1.0
LIFESTYLE,,2,3.1,10,0.0,1.0
SPORTS,,10,3.2,100,0.0,4.11
HEALTH_AND_FITNESS,,0,8.5,100,0.0,3.1
SPORTS,,9,3.5,500,0.0,01
SPORTS,,4,7.8,100,0.0,2.3
HEALTH_AND_FITNESS,,12,11.0,100,0.0,4.2
HEALTH_AND_FITNESS,4.7,12,6.3,500,0.0,3.1
HEALTH_AND_FITNESS,3.5,293,19.0,50000,0.0,2.4
NEWS_AND_MAGAZINES,4.3,117,5.0,10000,0.0,3.1
NEWS_AND_MAGAZINES,4.3,65,3.5,10000,0.0,8.2
PRODUCTIVITY,3.6,49,2.3,5000,0.0,1.0
HEALTH_AND_FITNESS,2.6,13,3.3,1000,0.0,1.1
FAMILY,4.7,15,4.1,1000,0.0,7.4
FAMILY,4.5,170,4.1,10000,0.0,7.2
FAMILY,4.0,54,4.1,5000,0.0,7.2
MAPS_AND_NAVIGATION,4.6,7314,7.0,100000,0.0,3.1
PHOTOGRAPHY,5.0,1,2.3,100,0.0,1.0
FAMILY,4.2,116,4.1,10000,0.0,7.2
PRODUCTIVITY,,6,1.1,1000,0.0,1.2
PRODUCTIVITY,,2,18.0,100,0.0,1.2
FAMILY,4.2,145,4.1,10000,0.0,7.2
SPORTS,,2,1.5,100,0.0,1.4
NEWS_AND_MAGAZINES,4.7,10,2.3,1000,0.0,2.0
FAMILY,4.5,11,3.5,500,0.0,12.1
FAMILY,3.6,8,3.7,500,0.0,8.0
FAMILY,4.2,34,4.0,1000,0.0,9.0
EVENTS,3.8,59,1.8,5000,0.0,1.5
DATING,3.5,69,4.0,5000,0.0,1.0
TOOLS,4.1,295,3.8,50000,0.0,1.1
TOOLS,,0,10.0,100,0.0,1.0
TOOLS,,6,1.3,100,0.0,1.6
FAMILY,5.0,2,6.6,500,0.0,1.0
FAMILY,,0,4.1,100,0.0,1.0
FAMILY,4.2,4,2.5,100,0.0,5.1
TOOLS,4.1,67,4.1,10000,0.0,1.0
FAMILY,,1,2.5,500,0.0,5.2
FAMILY,3.6,13,2.5,1000,0.0,3.0
FAMILY,4.3,14,4.3,1000,0.0,7.4
SPORTS,4.1,315,7.7,10000,0.0,6.95
FAMILY,4.4,211,6.8,10000,0.0,2.0
NEWS_AND_MAGAZINES,,0,3.4,100,0.0,8.1
TOOLS,,0,1.4,50,0.0,1.0
FAMILY,4.0,8,3.6,500,0.0,8.1
FAMILY,5.0,7,2.3,1000,0.0,1.0
FAMILY,5.0,8,14.0,10,0.0,1.1
FAMILY,,0,99.0,50,0.0,1.0
FAMILY,3.8,28,4.1,1000,0.0,7.2
NEWS_AND_MAGAZINES,4.3,2746,8.7,100000,0.0,3.2
FAMILY,4.7,6,2.5,1000,0.0,2.7
NEWS_AND_MAGAZINES,4.5,12,2.9,5000,0.0,1.1
FAMILY,4.4,31,4.3,1000,0.0,1.1
TRAVEL_AND_LOCAL,4.7,213,6.1,5000,3.99,1.8
NEWS_AND_MAGAZINES,3.9,45,15.0,5000,0.0,6.0
SPORTS,,0,6.3,5,1.99,2.0
PERSONALIZATION,4.9,88,66.0,1000,0.99,8.0
FAMILY,3.5,163,3.4,1000,0.0,1.2
FAMILY,,2,76.0,50,3.99,1.01
LIFESTYLE,4.4,10,7.7,500,0.0,3.8
AUTO_AND_VEHICLES,4.2,25,6.5,10000,0.0,1.02
FAMILY,,0,14.0,10,1.99,1.0
SOCIAL,,62,25.0,10000,0.0,7.1
BOOKS_AND_REFERENCE,,0,1.4,10,1.96,1.0
FAMILY,4.7,54,50.0,1000,19.4,3.1
FAMILY,4.5,10,2.5,100,0.0,82
TRAVEL_AND_LOCAL,4.4,11514,2.2,500000,0.0,5.5
HOUSE_AND_HOME,4.2,2543,4.6,100000,0.0,8.4
SHOPPING,4.4,9950,15.0,500000,0.0,3.7
LIFESTYLE,3.3,1045,13.0,100000,0.0,5.1
LIFESTYLE,4.9,66,8.1,1000,0.0,1.0
FAMILY,4.7,1647,16.0,10000,14.99,1.0
NEWS_AND_MAGAZINES,3.9,271,9.6,50000,0.0,3.3
BUSINESS,4.4,36,10.0,1000,0.0,1.0
GAME,4.8,35,3.1,10000,0.0,1.0
PERSONALIZATION,4.8,60,78.0,1000,0.99,4.0
SHOPPING,4.0,13232,27.0,500000,0.0,7.5
NEWS_AND_MAGAZINES,5.0,4,10.0,100,0.0,2.0
FAMILY,3.0,1691,5.8,500000,0.0,1.0
TOOLS,3.9,7,3.2,100,0.0,1.2
TOOLS,,0,0.898,1,0.0,1.0
BUSINESS,,1,3.7,500,0.0,0.0
MEDICAL,4.6,64,57.0,5000,0.0,3.1
FAMILY,4.3,108,42.0,5000,0.0,1.2
MAPS_AND_NAVIGATION,4.2,453,36.0,10000,2.99,4.3
LIBRARIES_AND_DEMO,,0,1.2,10,0.0,1.0
PERSONALIZATION,5.0,1,46.0,10,0.99,1.1
FAMILY,,1,30.0,100,0.0,0.7
HEALTH_AND_FITNESS,4.5,5509,3.2,100000,0.0,4.7
LIFESTYLE,,0,10.0,10,0.0,1.0
PRODUCTIVITY,4.2,1623,1.8,100000,0.0,1.8
FINANCE,,0,31.0,500,0.0,6.0
PRODUCTIVITY,1.0,1,6.6,100,0.0,41.9
HEALTH_AND_FITNESS,,0,5.1,10,0.99,3.0
FAMILY,4.6,31,3.2,1000,0.0,1.0
BUSINESS,,0,6.0,50,0.0,1.2
PRODUCTIVITY,,4,2.5,100,0.0,1.2
BUSINESS,,2,9.9,100,0.0,2.9
BUSINESS,,1,10.0,50,0.0,1.0
PRODUCTIVITY,,0,0.172,5,0.99,1.0
SHOPPING,,14,5.2,1000,0.0,1.0
FAMILY,4.1,101,5.1,1000,0.0,1.3
PERSONALIZATION,4.7,19,6.4,1000,0.0,1.5
VIDEO_PLAYERS,,0,14.0,10,0.0,1.0
BUSINESS,,45,15.0,5000,0.0,1.2
FAMILY,,235,3.3,10000,0.0,1.0
HEALTH_AND_FITNESS,4.4,2599,6.9,100000,0.0,3.0
FINANCE,4.8,4,5.1,50,0.0,1.0
GAME,4.2,52390,20.0,5000000,0.0,1.28
BUSINESS,,0,10.0,10,0.0,1.0
TOOLS,,9,6.6,500,0.0,1.0
GAME,5.0,11,6.1,10,0.0,0.1
PRODUCTIVITY,4.6,16,3.2,1000,0.0,1.3
FAMILY,4.5,4218587,100.0,50000000,0.0,1.23
LIBRARIES_AND_DEMO,5.0,15,1.4,1000,0.0,1.0
FAMILY,2.9,21,2.1,5000,0.0,1.05
FAMILY,4.4,288835,91.0,5000000,0.0,2.7
PRODUCTIVITY,,0,2.8,100,0.0,18.6
LIBRARIES_AND_DEMO,,16,0.743,1000,0.0,1.0
NEWS_AND_MAGAZINES,3.0,2,14.0,100,0.0,4.30
FAMILY,4.5,145,14.0,10000,0.0,1.0
HEALTH_AND_FITNESS,2.4,221,43.0,10000,0.0,4.3
GAME,4.3,29330,6.9,1000000,0.0,1.0
FAMILY,1.9,76,14.0,5000,0.0,2.2
GAME,4.4,348962,26.0,1000000,6.99,1.08
SOCIAL,5.0,7,18.0,100,0.0,1.0
AUTO_AND_VEHICLES,4.0,5,34.0,1000,0.0,2.8
VIDEO_PLAYERS,4.7,3,2.8,500,0.0,1.0
GAME,3.9,1995,92.0,500000,0.0,1.9
PRODUCTIVITY,5.0,5,11.0,100,0.0,1.0
COMMUNICATION,4.2,5,15.0,100,0.0,1.0
SHOPPING,4.2,2099,4.0,100000,0.0,1.1
PHOTOGRAPHY,2.8,1022,3.8,100000,0.0,2.0
VIDEO_PLAYERS,4.2,4074,1.3,500000,0.0,1.2
COMMUNICATION,1.0,5,13.0,100,0.0,1.0
GAME,3.9,923,67.0,100000,0.0,1.4
GAME,4.1,154519,99.0,10000000,0.0,1.4
GAME,4.1,207,0.116,50000,0.0,1.2
PRODUCTIVITY,3.2,12,2.2,1000,0.0,1.0
BUSINESS,,0,24.0,10,0.0,2.1
HEALTH_AND_FITNESS,5.0,5,43.0,100,0.0,7.12
SOCIAL,,0,5.9,0,0.0,0.0
TRAVEL_AND_LOCAL,5.0,6,2.4,500,0.0,7.5
FAMILY,3.8,12414,13.0,1000000,0.0,1.0
PRODUCTIVITY,4.0,4,8.2,500,0.0,3.5
FAMILY,,0,5.2,10,0.0,1.0
FAMILY,5.0,3,9.2,100,0.0,1.0
BUSINESS,5.0,1,4.2,10,0.0,1.0
FOOD_AND_DRINK,,0,16.0,10,0.0,1.1
SHOPPING,3.7,18253,10.0,10000000,0.0,6.3
BUSINESS,,0,18.0,10,0.0,1.31
FAMILY,,0,12.0,50,0.0,1.0
GAME,4.1,3371,78.0,100000,0.0,1.1
NEWS_AND_MAGAZINES,3.5,254,38.0,10000,0.0,5.9
FAMILY,3.9,39038,9.5,5000000,0.0,2.9
GAME,3.8,17372,45.0,1000000,0.0,1.3
GAME,3.7,7885,28.0,500000,0.0,1.07
LIFESTYLE,2.8,81,7.7,10000,0.0,2.0
SHOPPING,4.7,221,9.5,50000,0.0,3.6
FAMILY,4.3,1364,5.2,100000,0.0,4.3
FAMILY,4.1,155649,38.0,10000000,0.0,1.38
BEAUTY,,0,3.7,500,0.0,1
FAMILY,4.7,244,25.0,10000,0.0,1.2
FAMILY,4.2,562,20.0,50000,0.0,3.8
LIFESTYLE,4.0,294,0.153,10000,0.0,1.0
PERSONALIZATION,3.2,8,5.3,100,0.0,1.1
GAME,4.6,8,6.3,100,0.99,1.0
GAME,5.0,8,38.0,10,0.99,1.3
GAME,4.4,206602,13.0,5000000,0.0,3.1
SHOPPING,4.5,118,6.4,5000,0.0,5.29
FAMILY,4.0,24,1.9,1000,0.0,1.0
SHOPPING,4.6,69,6.4,5000,0.0,5.29
SHOPPING,4.7,10,2.0,500,0.0,1.5
HEALTH_AND_FITNESS,,0,8.6,50,0.0,1.1
FAMILY,4.1,30,24.0,5000,0.0,1.0
GAME,4.5,219821,10.0,1000000,0.0,2.0
GAME,4.3,3,39.0,10,0.0,1.0
HEALTH_AND_FITNESS,,3,60.0,100,0.0,2.0
FAMILY,5.0,1,40.0,10,19.99,2.47
BUSINESS,5.0,7,15.0,1000,0.0,1.0
FAMILY,4.2,1415,0.209,100000,0.0,3.1
FAMILY,4.0,28,1.5,5000,0.0,2.46
BUSINESS,,3,2.3,1000,0.0,2.38
FAMILY,5.0,3,13.0,10,0.0,1.0
HEALTH_AND_FITNESS,2.7,3,9.4,100,0.0,7.4
FAMILY,4.1,2167,3.7,50000,0.0,202
COMMUNICATION,,0,4.2,10,0.0,3.8
LIFESTYLE,,0,22.0,10,0.0,1.0
GAME,4.4,144545,13.0,5000000,0.0,1.1
TOOLS,,13,8.1,1000,0.0,1.1
FAMILY,4.3,104,12.0,10000,0.0,1.0
GAME,4.1,349503,19.0,10000000,0.0,1.31
MEDICAL,4.4,34,4.9,10000,0.0,1.2
HEALTH_AND_FITNESS,,0,9.7,10,0.0,3.0
FAMILY,,0,3.6,5,0.0,1.0
PHOTOGRAPHY,3.6,100,2.5,10000,0.0,4.2
PHOTOGRAPHY,4.0,2480,2.5,100000,0.0,4.0
SHOPPING,4.1,1288,18.0,100000,0.0,48
BOOKS_AND_REFERENCE,4.0,10774,35.0,100000,0.0,3.8
TOOLS,4.1,61,6.3,1000,0.0,1.9
SHOPPING,4.0,119,1.3,10000,0.0,150
FAMILY,4.6,4578890,24.0,50000000,0.0,1.4
PERSONALIZATION,,7,3.4,100,0.0,1.1
PERSONALIZATION,,3,3.4,10,0.0,1.1
COMMUNICATION,,4,3.4,10,0.99,11
PERSONALIZATION,,1,3.4,10,0.0,1.1
TOOLS,5.0,47,17.0,1000,0.0,1.0
SHOPPING,3.6,48,2.2,5000,0.0,4
AUTO_AND_VEHICLES,2.6,5,9.0,1000,0.0,1.0
BUSINESS,2.7,7,1.3,1000,0.0,1.0
FAMILY,3.8,120,24.0,10000,0.0,1.1
TOOLS,5.0,24,3.2,5000,0.0,1.1
FAMILY,4.2,2233681,97.0,50000000,0.0,3.44
SPORTS,,41,0.353,10000,0.0,1.1
TOOLS,5.0,36,3.2,100,0.0,1.0
PHOTOGRAPHY,2.6,8,2.4,1000,0.0,1.0
SHOPPING,4.4,385764,8.4,10000000,0.0,3.82
SHOPPING,4.3,151095,12.0,5000000,0.0,4.0
PERSONALIZATION,,0,3.4,1,0.0,1.1
PERSONALIZATION,,0,3.4,1,0.0,1.1
MEDICAL,4.7,19,7.3,100,0.0,1.0
FAMILY,2.8,4,4.2,500,0.0,1.2
FAMILY,4.1,488039,58.0,10000000,0.0,1.0
HEALTH_AND_FITNESS,,2,6.8,5,0.0,1.3
LIFESTYLE,3.6,67,0.499,5000,0.0,3.5
TOOLS,,1,3.2,10,0.0,1.0
TOOLS,,1,3.3,10,0.0,1.0
FINANCE,4.0,210,3.7,10000,0.0,1.5
LIFESTYLE,,0,25.0,10,0.0,1.0
PERSONALIZATION,,2,12.0,100,0.0,1.0
LIFESTYLE,5.0,2,1.3,100,0.0,1.01
HEALTH_AND_FITNESS,5.0,3,40.0,50,0.0,7.12
MEDICAL,4.7,6,5.2,100,0.0,1.1
PERSONALIZATION,4.6,6700847,17.0,100000000,0.0,5.41
PERSONALIZATION,4.7,23802,0.173,100000,4.99,1.0
TOOLS,4.6,2246379,5.1,50000000,0.0,2.1
TOOLS,4.6,85496,5.8,1000000,0.0,1.6
TOOLS,4.6,262076,1.2,10000000,0.0,1.0
COMMUNICATION,4.6,71740,5.8,5000000,0.0,2.0
TOOLS,4.4,166363,1.8,5000000,0.0,1.4
TOOLS,3.8,3341,1.9,100000,0.0,4.5
TOOLS,4.1,843,3.6,100000,0.0,2.0
TOOLS,3.4,2889,2.5,500000,0.0,1.1
TOOLS,4.5,112482,2.1,5000000,0.0,1.0
PERSONALIZATION,4.5,3989,1.1,100000,0.0,1.1
TOOLS,4.5,8190074,17.0,100000000,0.0,6.24
PRODUCTIVITY,4.0,319,2.1,100000,0.0,2.0
TOOLS,4.7,85079,2.8,1000000,0.0,1.0
PERSONALIZATION,4.4,10093,5.5,1000000,0.0,1.0
PERSONALIZATION,4.7,1500,41.0,10000,1.99,3.3
TOOLS,4.2,498,0.597,100000,0.0,1.0
TOOLS,4.2,1147,2.7,100000,0.0,1.1
TOOLS,4.0,19,3.2,10000,0.0,1.0
TOOLS,3.6,661,0.809,100000,0.0,2.1
TOOLS,4.7,76,2.2,50000,0.0,1.4
TOOLS,4.4,1264,8.2,100000,0.0,4.0
TOOLS,4.3,246,2.8,100000,0.0,1.1
PERSONALIZATION,4.4,7519,4.0,500000,0.0,1.0
TOOLS,4.4,8,1.8,500,0.0,1.0
TOOLS,4.4,29,0.07,10000,0.0,1.4
PERSONALIZATION,4.3,2910,2.3,500000,0.0,1.0
TOOLS,3.3,16,1.3,10000,0.0,2.0
TOOLS,3.6,373,0.122,10000,0.0,1.0
TOOLS,4.5,27180,4.1,1000000,0.0,3.24
PERSONALIZATION,4.5,314,11.0,10000,0.0,1.9
PHOTOGRAPHY,4.6,847144,4.2,10000000,0.0,4.7
TOOLS,4.3,10,8.2,10000,0.0,1.2
TOOLS,3.6,949,0.411,100000,0.0,3.0
PRODUCTIVITY,4.3,176,2.3,100000,0.0,1.1
PERSONALIZATION,4.4,6271,5.7,500000,0.0,1.0
BUSINESS,4.2,2359,2.7,10000,2.99,1.16
TOOLS,4.8,52,1.9,5000,0.0,1.3
PERSONALIZATION,4.2,12,19.0,100,0.99,1.0
TOOLS,,0,2.3,10,0.0,1.1
FAMILY,3.7,985,49.0,100000,0.0,1.1
FAMILY,4.5,1985,28.0,10000,3.99,1.0
FAMILY,4.1,3863,41.0,100000,2.99,1.1
FAMILY,4.6,20463,25.0,100000,3.99,1.2
FAMILY,4.5,85,25.0,10000,0.0,1.22
FAMILY,4.7,21979,38.0,1000000,0.0,1.1
FAMILY,4.3,920571,28.0,10000000,0.0,1.0
FAMILY,4.3,2263,55.0,100000,0.0,14.15
FAMILY,4.6,5395,58.0,500000,0.0,1.2
FAMILY,4.1,30444,27.0,1000000,0.0,1.0
FAMILY,4.2,256916,25.0,10000000,0.0,1.0
GAME,4.3,37513,31.0,5000000,0.0,4.0
GAME,4.2,40847,94.0,1000000,0.0,3.1
FAMILY,4.3,96045,25.0,5000000,0.0,1.0
FAMILY,3.6,21433,21.0,1000000,0.0,3.0
FAMILY,4.2,82005,45.0,10000000,0.0,1.2
FAMILY,4.2,120035,45.0,5000000,0.0,1.0
GAME,4.0,6386,24.0,500000,0.0,0.99
FAMILY,4.6,43314,83.0,1000000,0.0,1.0
GAME,4.3,24628,88.0,1000000,0.0,1.25
GAME,4.4,39698,51.0,5000000,0.0,1.0
GAME,4.5,121533,63.0,10000000,0.0,1.0
FAMILY,4.3,10776,21.0,1000000,0.0,3.4
FAMILY,3.7,17250,7.2,1000000,0.0,4.0
FAMILY,4.2,13519,51.0,1000000,0.0,2.18
FAMILY,4.7,39153,98.0,1000000,0.0,1.1
FAMILY,4.6,51973,27.0,1000000,0.0,1.2
FAMILY,4.5,48754,9.3,100000,0.99,1.5
FAMILY,4.1,7046,87.0,500000,0.0,0.2
FAMILY,4.5,773,55.0,100000,0.0,1.0
FAMILY,3.4,642,26.0,10000,1.99,1.0
GAME,3.9,108336,62.0,1000000,0.0,4.0
FAMILY,4.4,412,22.0,10000,2.99,1.0
GAME,4.1,4107,40.0,50000,4.99,1.2
GAME,4.3,3904,5.5,10000,2.99,1.2
FAMILY,3.9,1213,18.0,10000,2.99,4.1
GAME,4.0,14563,74.0,1000000,0.0,0.6
FAMILY,,5,16.0,1000,0.0,2.0
FAMILY,5.0,1,64.0,100,0.0,40.10
FAMILY,4.2,17786,16.0,1000000,0.0,1.1
SHOPPING,4.3,199,25.0,10000,0.0,14.2
FINANCE,4.5,175,12.0,10000,0.0,2.2
FAMILY,4.5,709,18.0,5000,2.99,1.1
LIFESTYLE,3.9,987,4.5,10000,0.0,2.0
FAMILY,,9,77.0,100,2.99,2.49
FAMILY,4.5,81001,85.0,1000000,0.0,2.15
PARENTING,3.5,159,85.0,10000,0.0,2.1
LIFESTYLE,3.6,581,26.0,100000,0.0,2.4
TOOLS,1.9,12,2.0,1000,0.0,1.8
LIFESTYLE,4.3,87,3.9,10000,0.0,1.2
NEWS_AND_MAGAZINES,3.2,77,11.0,5000,0.0,2.2
SHOPPING,1.6,8,18.0,1000,0.0,1.5
COMMUNICATION,4.2,21,8.7,5000,0.0,1.1
LIFESTYLE,4.9,206,3.9,1000,0.0,2.3
BUSINESS,4.4,373,4.0,10000,0.0,1.3
MAPS_AND_NAVIGATION,3.4,168,53.0,10000,0.0,3.19
GAME,,9,4.9,1000,0.0,1.2
GAME,4.7,8038,52.0,100000,0.0,1.4
FINANCE,2.9,320,23.0,10000,0.0,2.13
BUSINESS,4.3,327,13.0,10000,0.0,1.48
FINANCE,4.4,5,30.0,1000,0.0,18.1
SOCIAL,4.3,420,18.0,50000,0.0,1.1
GAME,4.6,963,4.1,50000,0.0,1.1
PRODUCTIVITY,4.6,38,13.0,1000,0.0,2.4
GAME,4.2,6947,20.0,500000,0.0,2.7
PRODUCTIVITY,3.5,16,21.0,1000,0.0,1.5
LIFESTYLE,,0,12.0,500,0.0,1.0
FINANCE,2.9,252,18.0,10000,0.0,1.4
BUSINESS,4.4,26572,41.0,1000000,0.0,2.9
FINANCE,4.7,65,12.0,5000,0.0,5.9
FINANCE,4.5,159,14.0,1000,0.0,4.2
LIFESTYLE,4.7,12,6.0,500,0.0,4.9
GAME,4.4,248417,17.0,5000000,0.0,2.1
FINANCE,4.4,137,0.4,10000,0.0,2.4
FAMILY,4.4,102215,42.0,1000000,0.0,3.10
FAMILY,,0,54.0,100,0.0,1.3
FAMILY,4.5,41,11.0,1000,0.0,2.6
GAME,3.5,23,37.0,1000,0.99,2.2
GAME,4.2,33,13.0,1000,0.0,1.0
TRAVEL_AND_LOCAL,3.7,19,6.5,1000,0.0,1.2
TOOLS,4.4,15911,16.0,1000000,0.0,4.1
MAPS_AND_NAVIGATION,3.4,1147,19.0,100000,0.0,1.0
SOCIAL,4.3,64,3.3,50000,0.0,2.9
FINANCE,3.6,180,35.0,10000,0.0,7.0
MAPS_AND_NAVIGATION,4.6,2681,6.3,100000,0.0,1.2
FAMILY,4.6,7,12.0,500,0.0,1.1
LIFESTYLE,4.2,251,5.0,10000,0.0,3.3
FAMILY,4.3,9465,43.0,500000,0.0,0.4
FAMILY,3.8,128,2.9,10000,0.0,1.0
TOOLS,1.4,20,4.1,1000,0.0,2.1
MEDICAL,4.4,38,8.5,1000,0.0,2
MEDICAL,,6,7.0,1000,0.0,5.0
FAMILY,4.0,4607,19.0,100000,0.0,3
FAMILY,,1,16.0,10,0.0,1
BUSINESS,4.6,70,14.0,1000,0.0,1.9
MEDICAL,3.9,22,0.801,5000,0.0,1.14
LIFESTYLE,3.8,85,5.6,5000,0.0,1.18
TOOLS,4.7,92958,36.0,1000000,0.0,1.13
TOOLS,4.2,242,3.2,10000,0.0,1.3
BUSINESS,4.3,236,7.0,50000,0.0,1.0
FAMILY,4.1,187,2.9,10000,0.0,3.21
FAMILY,4.3,1018,35.0,100000,0.0,4.6
TOOLS,4.2,7935,21.0,1000000,0.0,2.4
PRODUCTIVITY,,0,5.8,500,0.0,3.9
FAMILY,3.6,13,4.7,500,0.0,1.0
GAME,4.6,132282,20.0,1000000,0.0,15.0
PERSONALIZATION,,1,3.9,10,0.0,0.0
TOOLS,4.3,34,12.0,1000,0.0,1.9
FAMILY,5.0,4,7.8,100,0.0,3.8
BUSINESS,5.0,4,24.0,100,0.0,5.1
GAME,5.0,5,12.0,100,0.0,0.99
LIFESTYLE,3.8,2548,4.9,100000,0.0,4.4
TOOLS,3.9,116,3.3,10000,0.0,2.6
BUSINESS,,3,5.4,100,0.0,2.5
FAMILY,,5,2.4,100,0.0,1.0
COMMUNICATION,4.8,34443,27.0,1000000,0.0,1.14
FAMILY,4.1,7,22.0,500,0.0,1.1
TOOLS,4.0,1,1.2,100,0.0,5.0
FAMILY,4.8,124,2.5,500,0.0,1.2
TOOLS,4.8,36557,14.0,1000000,0.0,2.51
FAMILY,4.4,8,6.8,500,0.0,3.0
LIFESTYLE,,2,1.2,100,0.0,1.0
FAMILY,4.1,78,0.787,10000,0.0,1.3
SOCIAL,,0,4.9,5,0.0,8.2
SPORTS,,45,5.3,5000,0.0,1.0
TOOLS,,37,6.5,100,0.0,1.55
FAMILY,4.4,475020,69.0,5000000,0.0,4.7
TRAVEL_AND_LOCAL,4.3,15,14.0,10000,0.0,5.4
NEWS_AND_MAGAZINES,3.7,7,3.4,1000,0.0,1.0
FAMILY,4.3,59152,50.0,1000000,0.0,1.14
COMMUNICATION,,10,8.1,1000,0.0,5.5
TOOLS,,0,1.7,100,0.0,1.03
FAMILY,4.3,2871,18.0,100000,0.0,1.6
FAMILY,4.4,19207,36.0,100000,0.0,1.19
COMMUNICATION,,3,8.1,500,0.0,5.5
BOOKS_AND_REFERENCE,4.5,8,5.1,500,0.0,1.2
FINANCE,,0,1.6,10,0.0,4.0
GAME,4.2,4,61.0,10,0.0,1.1
BUSINESS,,0,4.1,500,0.0,3.8
NEWS_AND_MAGAZINES,3.7,24,10.0,5000,0.0,1.1
BUSINESS,5.0,2,3.4,5,0.0,1.0
TRAVEL_AND_LOCAL,,0,18.0,5,0.0,4.6
COMMUNICATION,4.2,1044,3.5,100000,0.0,2.0
GAME,3.9,783,3.4,100000,0.0,1.0
PRODUCTIVITY,,0,9.1,10,0.0,1.17
COMMUNICATION,4.5,192,15.0,10000,0.0,2.6
PRODUCTIVITY,,0,14.0,1,0.0,1.0
COMMUNICATION,3.5,10,3.8,100,1.49,2.1
BOOKS_AND_REFERENCE,4.7,28237,10.0,100000,0.0,3.2
GAME,4.2,3247,26.0,500000,0.0,1.05
FAMILY,4.7,55,3.3,1000,0.0,2.2
FAMILY,4.6,222,15.0,10000,0.0,2.8
GAME,4.0,119368,19.0,10000000,0.0,1.1
TOOLS,,0,3.7,10,1.49,2.0
BOOKS_AND_REFERENCE,,0,2.1,100,0.0,4.7
BUSINESS,,0,11.0,10,0.0,1.0
GAME,3.8,4552,43.0,100000,0.0,1.4
LIFESTYLE,4.7,499,6.9,50000,0.0,1.2
FAMILY,4.5,108130,40.0,5000000,0.0,1.8
GAME,4.6,8778,36.0,100000,0.0,1.3
SPORTS,5.0,17,1.5,50,0.0,1.0
FAMILY,3.9,29,37.0,1000,0.0,1.0
PRODUCTIVITY,5.0,8,22.0,100,0.0,1.5
BUSINESS,,0,3.3,50,0.0,1.1
TOOLS,2.3,395,2.6,100000,0.0,4.2
FAMILY,,4,34.0,100,0.0,1.0
MAPS_AND_NAVIGATION,3.6,695,2.9,100000,0.0,5.3
FAMILY,4.0,42,12.0,1000,0.0,1.46
COMMUNICATION,3.7,218,3.7,10000,0.0,1.12
TOOLS,4.2,7063,17.0,1000000,0.0,1.3
TOOLS,4.1,37975,23.0,5000000,0.0,1.4
TOOLS,4.4,117850,17.0,10000000,0.0,1.8
TOOLS,4.2,2630,18.0,100000,0.0,1.3
FAMILY,4.4,4756,33.0,100000,0.0,1.1
FAMILY,4.3,13,26.0,500,0.0,1.1
FAMILY,4.0,3788,32.0,100000,0.0,3.0
PERSONALIZATION,4.5,323,38.0,10000,0.0,1.03
FAMILY,3.9,14754,21.0,1000000,0.0,1.8
PRODUCTIVITY,3.7,7389,41.0,500000,0.0,1.0
TOOLS,4.6,82,1.7,500,0.99,3.3
TOOLS,,55,4.3,100,1.99,1.0
FAMILY,3.8,16,9.9,100,0.0,1.2
FAMILY,4.7,92010,5.9,1000000,0.0,1.4
FAMILY,,68,2.7,5000,0.0,1.0
TOOLS,3.4,202,12.0,10000,0.0,1.0
BOOKS_AND_REFERENCE,4.5,68226,16.0,1000000,0.0,1.9
TOOLS,4.1,3446,19.0,500000,0.0,1.3
TOOLS,4.3,297,2.8,50000,0.0,2.2
FAMILY,4.6,3106,3.6,10000,0.0,7
FAMILY,4.3,6078,37.0,500000,0.0,2.0
FAMILY,4.3,219,4.3,5000,0.0,1.0
TOOLS,4.0,182,1.7,10000,0.0,3.3
TOOLS,,4,3.1,100,0.0,2.0
FAMILY,3.5,34,30.0,1000,0.0,1.03
FAMILY,2.3,10,5.2,1000,0.0,1.0
AUTO_AND_VEHICLES,,1,2.8,5,0.0,1.0
TOOLS,3.9,114,18.0,5000,0.0,1.0
SPORTS,4.1,7,3.4,100,3.49,2.2
PERSONALIZATION,4.5,561,41.0,10000,0.0,1.05
FAMILY,4.6,2167,13.0,100000,0.0,1.1
FAMILY,4.4,2420,6.7,50000,0.0,5.3
FAMILY,3.1,52,9.8,5000,0.0,1.0
TOOLS,4.3,77717,14.0,5000000,0.0,1.2
MAPS_AND_NAVIGATION,3.3,3,26.0,100,9.99,1.0
FAMILY,5.0,7,22.0,100,0.0,1.0
HEALTH_AND_FITNESS,,5,8.7,100,0.0,4.2
AUTO_AND_VEHICLES,4.2,12,88.0,500,0.0,1.2
TOOLS,3.8,434,18.0,50000,0.0,1.0
TOOLS,3.3,47,18.0,5000,0.0,1.0
HEALTH_AND_FITNESS,,14,1.3,1000,0.0,3.0
TOOLS,5.0,6,4.5,50,0.0,1.0
BUSINESS,1.0,1,7.8,100,0.0,2.4
PRODUCTIVITY,4.5,40328,23.0,1000000,0.0,1.9
PRODUCTIVITY,4.4,26358,0.05,500000,1.99,1.7
GAME,4.1,52163,70.0,1000000,0.0,1.1
GAME,4.5,299046,47.0,10000000,0.0,0.9
GAME,4.2,41089,42.0,5000000,0.0,2.7
COMMUNICATION,3.7,25,3.7,1000,0.0,1.2
GAME,4.1,1019,39.0,100000,0.0,1.0
FAMILY,3.9,337,22.0,10000,0.0,3.6
GAME,4.5,2526,22.0,100000,0.0,1.3
GAME,3.6,2328,12.0,100000,0.0,1.8
GAME,3.2,655,14.0,50000,0.0,1.0
BUSINESS,3.5,125,4.3,10000,0.0,1.2
PERSONALIZATION,4.6,26,8.5,100,2.49,5.0
FAMILY,4.8,33,6.7,5000,0.0,1.5
GAME,4.1,4946,7.5,100000,0.0,1.82
FAMILY,4.4,16459,88.0,500000,0.0,3.2
FAMILY,4.3,99,1.1,10000,0.0,1.13
BUSINESS,,5,8.3,100,0.0,1.0
BUSINESS,4.0,13,5.7,1000,0.0,1.2
GAME,3.1,1015,0.643,100000,0.0,1.3
GAME,4.2,211,44.0,10000,0.0,1.1
LIFESTYLE,4.1,75,11.0,10000,0.0,1.0
FAMILY,,7,28.0,10,0.99,1.01
GAME,3.5,14823,40.0,1000000,0.0,4.0
GAME,4.3,8668,9.1,500000,0.0,1.33
COMMUNICATION,3.8,52,2.1,1000,0.0,2.0
GAME,4.3,112565,32.0,1000000,0.0,1.1
FAMILY,4.8,16,7.8,100,0.0,4.0
GAME,2.3,278,2.4,10000,0.0,1.0
COMMUNICATION,4.3,125,53.0,5000,0.0,60.0
TOOLS,4.4,208,6.0,10000,0.0,1.2
FAMILY,3.6,783,25.0,50000,0.0,1.3
FAMILY,5.0,43,3.3,1000,0.0,1.1
BOOKS_AND_REFERENCE,,1,34.0,50,0.0,3.0
GAME,4.3,211,3.6,50000,0.0,2.1
FAMILY,4.2,162,6.2,10000,0.0,4
FAMILY,4.3,14604,68.0,500000,0.0,3.1
FAMILY,4.7,160,19.0,5000,0.0,1.0
FAMILY,3.9,3253,3.6,100000,0.0,1.3
FAMILY,4.4,431,17.0,10000,0.0,1.1
GAME,4.4,460,31.0,50000,0.0,4.2
GAME,4.3,247,18.0,10000,0.0,1.53
PRODUCTIVITY,2.6,85,6.0,5000,0.0,1.1
FAMILY,4.3,445,29.0,50000,0.0,3.0
MEDICAL,,2,77.0,100,0.0,1.0
MEDICAL,3.8,568,42.0,50000,0.0,1.2
MEDICAL,4.2,345,14.0,50000,0.0,1.6
MEDICAL,4.2,6,29.0,1000,0.0,1.0
BOOKS_AND_REFERENCE,4.1,10,5.7,5000,0.0,1.5
MEDICAL,4.0,36,36.0,10000,0.0,2.0
MEDICAL,4.4,7,8.9,1000,0.0,2.0
FAMILY,4.7,6,5.1,1000,0.0,1.0
MEDICAL,,2,19.0,10,0.99,1.0
NEWS_AND_MAGAZINES,2.6,13,4.3,1000,0.0,1.0
FAMILY,4.3,7,62.0,1000,0.0,1.0
FAMILY,5.0,3,29.0,500,0.0,5.0
FAMILY,3.7,6,7.8,1000,0.0,1.5
MEDICAL,4.3,62,20.0,5000,0.0,2.2
TOOLS,4.1,41,0.986,10000,0.0,3
MEDICAL,4.3,22,18.0,10000,0.0,2.0
MEDICAL,3.8,534,14.0,100000,0.0,1.2
MEDICAL,4.5,18,9.3,5000,0.0,2.0
MEDICAL,5.0,5,17.0,1000,0.0,2.0
MEDICAL,,2,1.4,100,0.0,1.1
FAMILY,,1,16.0,100,0.0,1.0
MEDICAL,3.9,40,4.0,5000,0.0,4.1
FAMILY,3.8,271,8.3,50000,0.0,1.2
FAMILY,4.6,186,9.6,10000,0.0,2.9
MEDICAL,,0,11.0,100,0.0,1.0
HEALTH_AND_FITNESS,4.6,28,20.0,1000,0.0,1.0
PRODUCTIVITY,4.7,315,14.0,10000,0.0,1.9
MEDICAL,5.0,6,17.0,1000,0.0,2.0
MEDICAL,,1,15.0,1000,0.0,2.0
MEDICAL,4.5,18,13.0,10000,0.0,2.0
TOOLS,,4,11.0,100,0.0,1.0
MEDICAL,4.3,10,46.0,100,0.0,5.0
TOOLS,3.5,3988,11.0,1000000,0.0,1.0
GAME,3.3,19,1.6,100,4.49,1.4
PRODUCTIVITY,,2,28.0,50,0.0,8.2
FAMILY,3.9,84,11.0,10000,0.0,3.4
MEDICAL,,0,4.9,100,0.0,1.0
FAMILY,4.5,86,8.6,5000,0.0,5.1
MEDICAL,,2,23.0,100,9.99,1.1
MEDICAL,3.4,35,24.0,1000,15.46,2.0
SHOPPING,5.0,4,1.6,1000,0.0,1.3
FINANCE,5.0,1,8.4,50,0.0,1.2
MEDICAL,,3,0.097,50,0.99,2014.01
MEDICAL,,2,20.0,100,9.99,1.1
MEDICAL,4.8,12,44.0,100,6.99,1.3
MEDICAL,3.6,35,88.0,10000,0.0,2
MEDICAL,,0,4.8,50,0.0,1.0
FINANCE,4.3,693,32.0,100000,0.0,1.0
FINANCE,4.0,347,25.0,10000,0.0,4.11
FINANCE,4.5,853,27.0,10000,0.0,4.13
PRODUCTIVITY,4.6,48,7.3,1000,0.0,1.2
FINANCE,4.7,6208,14.0,100000,0.0,5.9
FINANCE,3.8,480,15.0,50000,0.0,3.1
FINANCE,4.7,2374,16.0,10000,0.0,5.10
FINANCE,4.0,253,25.0,10000,0.0,4.6
FINANCE,4.6,1231,14.0,10000,0.0,5.9
FINANCE,2.0,207,2.9,10000,0.0,1.0
FINANCE,4.3,231,18.0,10000,0.0,4.4
FINANCE,2.0,314,35.0,10000,0.0,6.5
FINANCE,3.6,117,25.0,10000,0.0,6.5
FINANCE,4.7,3661,14.0,50000,0.0,5.9
FINANCE,3.5,805,6.5,50000,0.0,5.4
FINANCE,4.0,732,5.5,50000,0.0,3.0
FINANCE,3.5,256,28.0,10000,0.0,200
FINANCE,4.3,323,17.0,10000,0.0,4.4
FINANCE,4.1,196,7.3,10000,0.0,5.0
FINANCE,4.6,1992,24.0,50000,0.0,3000.5
FINANCE,3.8,922,2.1,100000,0.0,2.1
FINANCE,4.3,4290,24.0,50000,0.0,3000.5
FINANCE,3.8,109,2.8,10000,0.0,1.1
FINANCE,1.0,2,7.2,1000,0.0,1.0
FINANCE,3.8,472,8.6,50000,0.0,5.0
FINANCE,3.3,343,2.3,10000,0.0,2.79
FINANCE,4.8,495,12.0,5000,0.0,5.7
TRAVEL_AND_LOCAL,3.6,892,70.0,50000,2.49,1.08
COMMUNICATION,3.8,12667,34.0,1000000,0.0,4.5
TOOLS,4.3,40907,2.6,5000000,0.0,6.0
FAMILY,3.9,475944,35.0,10000000,0.0,4.5
GAME,4.2,115176,24.0,10000000,0.0,1.2
GAME,4.6,10981850,88.0,100000000,0.0,1.9
GAME,4.0,121082,7.0,10000000,0.0,1.0
BUSINESS,4.5,4571,3.9,500000,0.0,3.3
BUSINESS,4.6,213,3.8,10000,0.0,3.5
FAMILY,4.5,625,26.0,100000,0.0,4.0
BUSINESS,3.7,3757,5.0,1000000,0.0,2.8
BUSINESS,4.4,9555,4.7,1000000,0.0,7.7
BUSINESS,4.6,770,5.6,100000,0.0,1.9
BOOKS_AND_REFERENCE,3.9,88,5.3,10000,0.0,1.1
BUSINESS,4.4,2147,2.2,500000,0.0,1.8
PRODUCTIVITY,4.5,48,26.0,5000,0.0,2.11
BUSINESS,4.5,3972,5.6,100000,0.0,5.1
FAMILY,4.3,374,26.0,100000,0.0,1.0
BUSINESS,3.7,113,8.6,10000,0.0,3.4
TOOLS,3.9,37,21.0,10000,0.0,1.3
FAMILY,3.9,139,4.8,50000,0.0,2.1
PRODUCTIVITY,4.3,2303,15.0,100000,0.0,8.9
BUSINESS,4.1,489,20.0,100000,0.0,14.0
BUSINESS,4.1,423,20.0,100000,0.0,11.0
FAMILY,4.4,14,5.5,1000,0.0,1.0
BUSINESS,4.4,20921,5.7,1000000,0.0,4.0
BUSINESS,4.2,831,11.0,50000,0.0,1.3
PRODUCTIVITY,4.5,27820,4.7,1000000,0.0,2.1
BOOKS_AND_REFERENCE,4.6,244,4.1,100000,0.0,1.0
BUSINESS,4.4,244,6.9,1000,4.99,4.38
BUSINESS,4.4,25,12.0,5000,0.0,1.5
BUSINESS,3.8,203,5.9,10000,0.0,2.2
PRODUCTIVITY,2.6,80,2.2,10000,0.0,2.129
BUSINESS,4.2,715,7.1,100000,0.0,1.8
BUSINESS,4.4,25,7.9,5000,0.0,1.0
TOOLS,4.2,75,25.0,10000,0.0,1.1
FAMILY,4.0,13,26.0,5000,0.0,1.1
FAMILY,4.2,593,4.9,100000,0.0,1.0
TOOLS,4.0,114,25.0,10000,0.0,1.5
FAMILY,4.4,31,8.3,10000,0.0,1.2
BUSINESS,4.5,416,6.0,10000,0.0,1.2
PERSONALIZATION,3.2,114,3.0,10000,0.0,1.02
BUSINESS,4.3,740,19.0,50000,0.0,1.1
BUSINESS,3.4,22,4.1,1000,0.0,1.9
COMMUNICATION,2.3,42,6.0,1000,0.99,1.0
BUSINESS,4.4,6997,4.6,100000,0.0,6.8
BUSINESS,4.3,34,26.0,10000,0.0,1.0
BUSINESS,,4,4.4,5000,0.0,1.1
TOOLS,4.3,996,10.0,50000,0.0,2.3
BUSINESS,3.6,125,5.0,10000,0.0,2.0
BUSINESS,4.6,2555,16.0,100000,0.0,2.5
TOOLS,4.2,54,22.0,5000,0.0,1.0
BUSINESS,4.0,12,8.1,5000,0.0,1.9
FAMILY,4.4,288209,21.0,5000000,0.0,2.17
FAMILY,4.5,16391,13.0,500000,0.0,1.16
FAMILY,3.2,24,4.8,5000,0.0,1.1
NEWS_AND_MAGAZINES,1.7,367,6.1,50000,0.0,1.7
FAMILY,2.2,54,4.3,10000,0.0,1.0
COMICS,3.8,5084,6.2,100000,0.0,2.2
COMMUNICATION,4.8,6,3.5,100,1.49,1.0
FAMILY,,0,2.4,10,0.0,2.03
GAME,4.4,165656,38.0,5000000,0.0,1.1
FAMILY,4.5,3935,9.5,100000,0.0,2.9
COMMUNICATION,4.6,649,0.837,50000,0.0,1.0
COMMUNICATION,3.7,166,2.0,5000,4.99,1.52
COMMUNICATION,4.4,14,17.0,100,0.0,1.0
PHOTOGRAPHY,3.5,12204,6.8,1000000,0.0,1.5
FAMILY,3.8,5,1.1,500,0.0,2.0
COMMUNICATION,3.8,9,0.78,100,0.99,1.2
COMMUNICATION,4.3,12,3.7,100,1.49,3.0
COMMUNICATION,,3,0.961,100,0.0,1.2
COMMUNICATION,4.6,265,2.6,10000,2.99,2.28
FAMILY,,0,4.8,10,0.0,1.0
LIFESTYLE,4.5,2,7.8,100,0.0,3.8
FAMILY,,3,22.0,50,0.0,3.3
COMMUNICATION,,2,1.5,500,0.0,1.0
COMMUNICATION,4.8,341,9.6,5000,0.99,4
FAMILY,5.0,12,2.4,100,1.99,2.1
TOOLS,3.0,1,55.0,100,0.0,2.35
COMMUNICATION,,0,0.269,10,2.49,1.0
FAMILY,5.0,1,3.7,10,1.49,2.0
FAMILY,,0,21.0,1,2.49,1.1
FAMILY,4.4,12639,96.0,500000,0.0,3.5
COMMUNICATION,4.6,94,1.1,1000,2.49,2.1
COMMUNICATION,3.9,1436,0.02,100000,0.0,1.0
BOOKS_AND_REFERENCE,3.3,15,12.0,1000,0.0,1.2
BUSINESS,3.0,4,0.498,1000,0.0,2.1
FAMILY,4.2,6784,13.0,500000,0.0,2.3
FAMILY,4.2,268,4.2,50000,0.0,2.1
NEWS_AND_MAGAZINES,4.2,1137,11.0,50000,0.0,5.5
COMMUNICATION,4.0,27,0.6,5000,0.0,5.0
FAMILY,3.2,3069,18.0,500000,0.0,3.3
TOOLS,4.6,79,3.0,1000,0.0,2.9
FAMILY,3.2,20843,14.0,1000000,0.0,3.3
FAMILY,4.1,137674,72.0,5000000,0.0,2.0
BUSINESS,4.4,48,54.0,5000,0.0,11.13
FAMILY,4.0,1419,12.0,100000,0.0,2.5
FAMILY,4.2,18,37.0,1000,0.0,7.2
FAMILY,4.1,62,6.5,10000,0.0,1.4
FAMILY,4.3,49,6.6,10000,0.0,2.3
TRAVEL_AND_LOCAL,3.3,4069,50.0,1000000,0.0,6.6
TOOLS,4.7,175,4.3,10000,0.0,1.0
FAMILY,4.4,63,7.6,10000,0.0,1.4
FAMILY,3.1,47,5.5,10000,0.0,2.0
FAMILY,3.1,19,94.0,1000,0.0,1.6
VIDEO_PLAYERS,3.3,439,35.0,50000,0.0,0.7
BUSINESS,3.9,10,55.0,500,0.0,1.2
FAMILY,3.4,12,11.0,1000,0.0,1.5
FAMILY,3.9,13,12.0,1000,0.0,1.3
BUSINESS,4.4,21,21.0,1000,0.0,6.7
FAMILY,3.9,11,27.0,500,4.99,1.3
SPORTS,3.7,818,5.3,100000,0.0,4.4
FAMILY,4.5,4,30.0,500,0.0,1.5
PERSONALIZATION,4.7,42,10.0,5000,0.0,1.0
LIFESTYLE,,6,11.0,500,0.0,2.1
LIFESTYLE,4.6,147,9.8,10000,0.0,1.0
BUSINESS,,0,68.0,10,0.0,1.0
LIFESTYLE,5.0,103,3.8,5000,0.0,5.1
FAMILY,3.0,2,33.0,100,0.0,3.0
PRODUCTIVITY,,3,24.0,100,0.0,2.1
COMMUNICATION,3.9,517,35.0,10000,0.0,20180805
GAME,,4,20.0,500,0.0,1
PERSONALIZATION,5.0,3,3.4,50,0.0,1.0
TOOLS,3.9,12,2.5,500,0.0,1.0
FAMILY,,0,32.0,10,0.0,1.2
BUSINESS,,1,5.8,100,0.0,1.2
PRODUCTIVITY,,0,18.0,50,0.0,7.18
COMMUNICATION,,0,20.0,50,0.0,2.10
LIFESTYLE,,1,32.0,100,0.0,3.0
VIDEO_PLAYERS,,2,6.9,500,0.0,6.1
FAMILY,3.8,19,12.0,1000,0.0,2.1
PRODUCTIVITY,,1,17.0,50,0.0,7.12
TOOLS,3.6,6060,0.592,500000,0.0,2.0
SPORTS,3.9,654,50.0,10000,4.99,3.29
FAMILY,3.8,316,19.0,100000,0.0,1.8
BUSINESS,,0,55.0,50,0.0,1.0
FAMILY,4.8,171,1.0,1000,10.0,1.7
BUSINESS,,4,2.0,1000,0.0,1.5
BUSINESS,,0,7.5,5,0.0,1.0
BUSINESS,,1,16.0,50,0.0,1.3
BUSINESS,,0,10.0,0,0.0,1.3
GAME,4.0,387,1.1,50000,0.0,1.3
GAME,4.7,16851,81.0,100000,1.99,1.5
FAMILY,4.8,17,15.0,100,0.0,1.7
FINANCE,4.7,439,13.0,5000,0.0,5.7
GAME,4.7,541732,20.0,5000000,0.0,10.0
NEWS_AND_MAGAZINES,4.5,27,7.1,500,0.0,7.5
LIFESTYLE,4.0,47,4.5,1000,0.0,2.0
PERSONALIZATION,,1,1.3,100,0.0,3.0
FINANCE,3.2,191,10.0,10000,0.0,4.5
TOOLS,,1,29.0,100,0.0,2.0
MAPS_AND_NAVIGATION,,8,0.749,1000,0.0,1.08
FINANCE,4.7,39,20.0,1000,0.0,1.11
COMMUNICATION,4.5,4,8.1,100,0.0,1.3
COMMUNICATION,,4,3.8,100,0.0,2.07
FAMILY,4.5,93,1.6,50000,0.0,2014.002
MEDICAL,4.9,57,6.1,1000,0.0,1.7
SHOPPING,4.2,182,4.9,5000,0.0,1.3
MEDICAL,5.0,2,20.0,100,0.0,1.8
FINANCE,,30,15.0,100,0.0,1.0
LIFESTYLE,5.0,2,9.3,100,0.0,24.8
FAMILY,,0,12.0,10,0.0,1.0
NEWS_AND_MAGAZINES,,0,3.9,10,0.0,0.0
GAME,4.2,47340,61.0,1000000,0.0,2.2
SHOPPING,4.7,3,5.8,500,0.0,2.0
BUSINESS,,0,5.0,5,0.0,4.1
NEWS_AND_MAGAZINES,,17,4.4,100,0.0,1.0
BUSINESS,,0,0.642,100,0.0,1.0
HEALTH_AND_FITNESS,,0,9.4,10,0.0,7.4
BOOKS_AND_REFERENCE,,0,3.3,10,0.0,1.01
FAMILY,4.5,10159,6.4,1000000,0.0,2.17
FINANCE,3.8,57,4.0,5000,0.0,4.1
FAMILY,4.5,85015,46.0,1000000,0.0,1.03
BOOKS_AND_REFERENCE,,0,12.0,5,0.0,1.0
FAMILY,4.3,2250,30.0,100000,0.0,1.2
MAPS_AND_NAVIGATION,3.9,112,1.4,10000,0.0,1.3
SOCIAL,4.2,226,15.0,10000,0.0,1.122
SHOPPING,4.5,214,1.8,10000,0.0,2.92
FAMILY,4.1,11179,19.0,1000000,0.0,2.7
FINANCE,4.1,1514,12.0,100000,0.0,1.1
TRAVEL_AND_LOCAL,4.6,470,21.0,10000,0.0,3.9
FOOD_AND_DRINK,3.3,60,25.0,10000,0.0,3.1
LIFESTYLE,4.5,11,3.4,1000,0.0,1.0
TOOLS,2.2,876,8.7,1000000,0.0,3.2
HOUSE_AND_HOME,4.4,137,19.0,10000,0.0,1.1
SHOPPING,3.9,117,9.8,10000,0.0,1.3
LIFESTYLE,2.8,1189,18.0,100000,0.0,5.1
FAMILY,3.3,2802,15.0,100000,0.0,5.0
BOOKS_AND_REFERENCE,,2,17.0,10,5.99,2.1
MAPS_AND_NAVIGATION,4.5,56409,43.0,1000000,0.0,6.2
BOOKS_AND_REFERENCE,,0,9.3,10,5.99,3.0
BOOKS_AND_REFERENCE,,1,11.0,10,5.99,3.0
VIDEO_PLAYERS,3.1,167,2.0,1000,0.99,3.3
SOCIAL,3.2,398,2.2,50000,0.0,1.0
LIFESTYLE,4.4,1740,4.4,50000,0.0,3.1
HOUSE_AND_HOME,4.1,1372,5.4,50000,0.0,2.9
BOOKS_AND_REFERENCE,,1,12.0,10,5.49,3.1
BOOKS_AND_REFERENCE,5.0,2,1.4,5,0.0,0.1
COMMUNICATION,,0,17.0,10,0.0,2.1
SOCIAL,,38,0.881,1000,0.0,1.1
TOOLS,3.8,131,3.3,1000,5.99,3.2
BOOKS_AND_REFERENCE,,0,17.0,1,5.99,2.0
BOOKS_AND_REFERENCE,,0,13.0,5,5.99,3.1
TOOLS,4.3,87,7.3,10000,0.0,1.0
WEATHER,4.6,3963,23.0,100000,0.0,5.2
PERSONALIZATION,,0,12.0,10,0.0,1.0
COMMUNICATION,,12,0.072,1000,0.0,2.00
PHOTOGRAPHY,4.9,7,2.2,100,0.0,1.2
TOOLS,5.0,2,3.5,10,0.0,1.1
BOOKS_AND_REFERENCE,,4,18.0,500,0.0,4.0
BOOKS_AND_REFERENCE,,0,8.6,10,0.99,1.0
MAPS_AND_NAVIGATION,2.9,30,4.8,5000,0.0,1.2
FAMILY,4.4,14,7.3,500,0.0,2.1
HEALTH_AND_FITNESS,4.4,15753,13.0,100000,3.49,3.7
PRODUCTIVITY,,6,5.3,100,0.0,2.5
SPORTS,4.6,1641,6.2,10000,0.0,1.18
TOOLS,4.5,4228,0.656,500000,0.0,2.95
WEATHER,4.0,9307,5.0,1000000,0.0,2.0
LIFESTYLE,,86,0.601,1000,0.0,1.0
SPORTS,3.5,1151,8.3,10000,0.0,1.0
GAME,4.8,528550,73.0,10000000,0.0,1.2
FAMILY,3.5,35337,7.4,5000000,0.0,1.7
PHOTOGRAPHY,4.7,142758,22.0,10000000,0.0,1.5
TOOLS,4.6,2674051,26.0,50000000,0.0,2.1
FAMILY,4.4,766,14.0,10000,2.99,1.0
TOOLS,4.3,122010,7.3,5000000,0.0,10.9
TOOLS,4.7,136540,3.1,1000000,0.0,4.75
TOOLS,4.4,134412,11.0,5000000,0.0,3.0
FAMILY,3.5,38824,12.0,1000000,0.0,2.4
FAMILY,4.6,171017,13.0,10000000,0.0,2.2
SPORTS,3.9,6289,33.0,1000000,0.0,1.2
GAME,4.6,260527,49.0,10000000,0.0,1.00
FAMILY,4.2,419375,31.0,10000000,0.0,1.2
GAME,4.6,2464,34.0,50000,0.0,1.1
FAMILY,4.0,93898,44.0,10000000,0.0,1.10
FAMILY,3.8,52,55.0,10000,2.99,1.2
FAMILY,4.3,528917,59.0,10000000,0.0,1.38
GAME,4.5,462614,60.0,10000000,0.0,1.7
GAME,4.1,39895,25.0,5000000,0.0,1.2
GAME,4.2,794058,56.0,10000000,0.0,2.3
MAPS_AND_NAVIGATION,4.0,119685,20.0,10000000,0.0,18.06
TOOLS,3.6,301,2.3,50000,0.0,1.2
TOOLS,3.3,236,0.221,50000,0.0,1.6
TOOLS,4.7,88993,1.5,10000000,0.0,3.2
GAME,4.6,338742,48.0,5000000,0.0,1.11
LIBRARIES_AND_DEMO,4.5,23,31.0,5000,0.0,3.4
MAPS_AND_NAVIGATION,3.9,4569,7.5,500000,0.0,2.1
TOOLS,4.3,31,0.228,5000,0.0,1.0
FAMILY,,10,2.6,1000,0.0,1.0
TOOLS,3.9,203,2.3,10000,0.0,1.08
TOOLS,4.3,824,2.8,10000,0.0,1.0
NEWS_AND_MAGAZINES,,145,16.0,10000,0.0,3.1
TOOLS,,0,2.2,100,0.0,0.9
PRODUCTIVITY,3.1,19,4.5,500,8.99,1.0
TOOLS,4.4,9,33.0,50,2.99,0.6
FAMILY,3.7,6514,72.0,500000,0.0,1.6
FAMILY,4.6,37,3.3,1000,0.0,1.9
TOOLS,4.6,154,6.6,10000,0.0,1.1
TOOLS,2.7,7,5.2,500,0.0,1.0
TRAVEL_AND_LOCAL,,4,8.0,500,0.0,1.0
PRODUCTIVITY,,3,0.108,1000,0.0,2.0
BOOKS_AND_REFERENCE,4.1,70,3.5,500,0.99,1.3
BOOKS_AND_REFERENCE,4.2,459,11.0,10000,0.0,1.2
MAPS_AND_NAVIGATION,1.9,179,10.0,10000,0.0,3.05
BUSINESS,4.6,17,9.4,1000,0.0,1.4
TRAVEL_AND_LOCAL,,1,10.0,1000,0.0,1.0
TOOLS,,0,0.94,10,0.99,1.0
BOOKS_AND_REFERENCE,4.4,121,8.7,10000,0.0,1.1
BUSINESS,4.2,100,6.3,10000,0.0,2.0
TOOLS,3.9,64,4.1,5000,0.0,1.24
SOCIAL,2.4,37,37.0,5000,0.0,1.0
LIFESTYLE,5.0,5,3.2,100,0.0,1.0
TOOLS,3.9,21,11.0,10000,0.0,1.2
BOOKS_AND_REFERENCE,,0,2.6,10,0.0,1.0
MAPS_AND_NAVIGATION,3.7,78,3.0,10000,0.0,1.0
BUSINESS,5.0,5,14.0,100,0.0,2.0
FAMILY,4.0,3323,47.0,100000,0.0,1.9
PHOTOGRAPHY,3.0,1,2.5,10,3.49,1.0
TOOLS,4.1,29,2.3,5000,0.0,1.2
FAMILY,4.8,21,49.0,1000,0.0,1.1
GAME,4.5,33,44.0,1000,0.0,1.3
TOOLS,3.5,13,3.0,1000,0.0,1.01
PHOTOGRAPHY,,0,2.3,100,0.0,1.0
TOOLS,,0,15.0,1,1.49,1.0
MAPS_AND_NAVIGATION,,9,10.0,1000,0.0,2.3
TOOLS,4.5,954,7.6,10000,0.0,0.4
FAMILY,4.5,355613,59.0,10000000,0.0,1.21
GAME,4.3,504765,36.0,5000000,0.0,2.4
GAME,4.4,2440877,32.0,10000000,0.0,2.21
FAMILY,4.4,6715,9.5,500000,0.0,2.9
FAMILY,4.3,43090,95.0,5000000,0.0,2.8
GAME,4.5,937,35.0,10000,0.0,2.14
FAMILY,4.3,139545,63.0,10000000,0.0,1.6
GAME,4.3,22333,9.7,1000000,0.0,2.01
PERSONALIZATION,4.2,249,91.0,10000,0.0,4.0
SOCIAL,4.9,117,63.0,1000,0.0,1.8
GAME,1.4,33,3.1,1000,0.0,1.10
FAMILY,4.0,16190,88.0,1000000,0.0,2.1
COMICS,5.0,34,12.0,5000,0.0,1.0
GAME,4.3,2468915,92.0,50000000,0.0,19.1
FAMILY,,3,4.1,100,0.0,2.0
GAME,4.3,11,23.0,500,0.0,3.2
BOOKS_AND_REFERENCE,3.8,38,7.2,5000,0.0,4.0
TOOLS,4.1,1186,6.4,50000,0.0,1.3
BOOKS_AND_REFERENCE,4.2,20,3.4,1000,0.0,4.6
FAMILY,4.3,166312,91.0,5000000,0.0,1.4
TOOLS,4.1,46,6.1,1000,0.0,4.0
FAMILY,4.3,128,22.0,10000,0.0,3.3
MAPS_AND_NAVIGATION,3.6,258,6.9,50000,0.0,2.1
GAME,4.3,264755,91.0,10000000,0.0,2.2
FAMILY,4.6,2354042,72.0,50000000,0.0,4.2
TRAVEL_AND_LOCAL,4.4,6895,10.0,500000,0.0,5.11
FAMILY,5.0,22,2.2,100,0.0,1.4
FAMILY,4.4,160,8.5,5000,0.0,5.1
NEWS_AND_MAGAZINES,4.5,1440,12.0,100000,0.0,1.3
COMICS,,1,21.0,50,0.0,0.0
FAMILY,4.7,78,11.0,5000,0.0,2.9
FAMILY,,1,2.3,500,0.0,1.0
PHOTOGRAPHY,5.0,3,16.0,500,0.0,1.0
TRAVEL_AND_LOCAL,,0,32.0,50,4.99,3.8
BOOKS_AND_REFERENCE,,7,17.0,1000,0.0,1.2
MAPS_AND_NAVIGATION,3.4,59,1.3,10000,0.0,1.0
TRAVEL_AND_LOCAL,3.1,16,18.0,5000,0.0,1.4
TRAVEL_AND_LOCAL,4.5,339,10.0,5000,2.99,5.11
LIFESTYLE,5.0,1,1.2,10,3.04,1.2
NEWS_AND_MAGAZINES,4.3,80,8.7,5000,0.0,6.0
AUTO_AND_VEHICLES,4.4,186648,42.0,10000000,0.0,9.3
COMMUNICATION,4.0,74497,5.3,5000000,0.0,20180518
MAPS_AND_NAVIGATION,4.1,54034,5.8,5000000,0.0,2.1
GAME,3.8,47386,96.0,1000000,0.0,31
FAMILY,4.3,267787,21.0,10000000,0.0,20.7
TOOLS,4.1,498894,10.0,50000000,0.0,2.8
FAMILY,4.3,9149,80.0,1000000,0.0,1.3
TOOLS,4.3,191621,6.1,10000000,0.0,1.43
GAME,4.2,32849,1.5,1000000,0.0,2.2
PHOTOGRAPHY,4.3,251686,31.0,10000000,0.0,2.3
FAMILY,4.4,252006,26.0,5000000,0.0,1.084
COMMUNICATION,4.4,483782,20.0,10000000,0.0,1.286
PERSONALIZATION,3.9,28694,2.9,1000000,0.0,1.4
GAME,4.3,234589,38.0,50000000,0.0,1.0
FAMILY,3.5,113183,36.0,5000000,0.0,10.6
GAME,4.2,951435,14.0,50000000,0.0,2.2
TOOLS,4.1,45610,0.176,10000000,0.0,1.56
GAME,4.1,257531,44.0,10000000,0.0,7
FAMILY,4.7,198480,82.0,5000000,0.0,20.0
GAME,4.5,375996,3.3,10000000,0.0,1.48
GAME,3.3,152102,18.0,10000000,0.0,4.16
FAMILY,4.2,17108,8.3,100000,0.0,1.3
TOOLS,,4,0.033,1000,0.0,1.0
GAME,,1,14.0,100,0.0,1.0
FAMILY,4.6,1764,8.3,10000,3.99,1.3
MAPS_AND_NAVIGATION,,9,9.9,500,0.0,13.0
BUSINESS,4.3,24,8.0,1000,0.0,6.0
PHOTOGRAPHY,4.3,194,1.5,10000,0.0,1.6
SPORTS,4.0,1,3.6,100,0.0,1.0
TOOLS,4.7,3408,15.0,50000,0.0,2.1
LIFESTYLE,5.0,8,6.7,1000,0.0,0.0
PHOTOGRAPHY,,1,0.663,10,29.99,2.0
SOCIAL,,7,1.4,500,0.0,1.0
TOOLS,,2,20.0,100,0.0,2.0
BUSINESS,,2,6.0,100,0.0,1.0
SPORTS,,29,14.0,100,0.0,22.0
FAMILY,,24,1.5,1000,0.0,3.0
SOCIAL,,2,2.3,1000,0.0,1.0
PARENTING,5.0,1,27.0,10,0.0,6
PRODUCTIVITY,4.9,17,76.0,100,0.0,1.0
BUSINESS,,0,15.0,100,0.0,1.0
LIFESTYLE,,2,32.0,500,0.0,1.9
TOOLS,,9,6.3,500,0.0,1.0
FINANCE,,30,24.0,10000,0.0,1.1
FAMILY,,5,1.4,100,0.0,1.0
TOOLS,,0,36.0,10,0.0,1.0
MAPS_AND_NAVIGATION,4.3,11100,15.0,500000,0.0,2.10
BUSINESS,,0,3.0,50,0.0,1.0
TOOLS,,2,14.0,5,0.0,1.0
PRODUCTIVITY,,1,10.0,10,2.99,6.0
SOCIAL,4.0,479939,15.0,10000000,0.0,1.23
PRODUCTIVITY,,0,5.2,10,2.99,3.0
TOOLS,,0,2.9,10,0.0,2.5
TOOLS,4.5,2,3.3,100,3.99,1.4
NEWS_AND_MAGAZINES,,2,5.7,100,0.0,1.1
TOOLS,4.1,1648,36.0,500000,0.0,9.5
BOOKS_AND_REFERENCE,4.3,18,5.7,1000,0.0,1.0
BUSINESS,,0,2.9,5,0.0,1.1
LIFESTYLE,,0,3.3,1,0.0,1.0
EVENTS,,0,4.5,10,0.0,1.0
COMMUNICATION,,12,1.6,500,0.0,3.1
PRODUCTIVITY,,6,2.8,100,0.99,2.0
SHOPPING,3.7,668,1.1,100000,0.0,20.0
SHOPPING,4.2,470,4.1,10000,2.99,1.3
SHOPPING,3.6,38,1.1,10000,0.0,20.0
BUSINESS,3.6,5,6.8,50,8.99,6.00
TOOLS,2.1,14,28.0,1000,0.0,1.0
SHOPPING,4.7,10318,32.0,1000000,0.0,2.1
VIDEO_PLAYERS,3.2,39,12.0,10000,0.0,2.0
TOOLS,3.0,19,22.0,1000,4.99,1.911
GAME,4.3,59,1.4,1000,0.0,0.1
SHOPPING,3.0,4,1.2,1000,0.0,10.0
FAMILY,3.9,53301,7.6,10000000,0.0,1.6
VIDEO_PLAYERS,3.3,12,2.9,500,0.0,1.7
VIDEO_PLAYERS,4.0,486,2.5,10000,0.0,1.0
BUSINESS,3.7,3,11.0,10,2.49,3
TOOLS,2.8,27,34.0,1000,0.0,1.42
GAME,4.4,10786,21.0,1000000,0.0,1.02
TOOLS,5.0,1,4.5,500,0.0,1.0
TRAVEL_AND_LOCAL,3.9,58,22.0,10000,0.0,2.0
PRODUCTIVITY,4.2,43,0.034,1000,0.0,2.04
HEALTH_AND_FITNESS,4.8,6,14.0,100,0.0,7.7
SHOPPING,4.0,7006,12.0,500000,0.0,3.10
SHOPPING,3.0,2,1.3,100,0.0,6.0
PRODUCTIVITY,4.5,8,3.1,100,0.0,1.2
TRAVEL_AND_LOCAL,2.6,122,11.0,10000,0.0,31.11
FINANCE,5.0,4,5.9,100,0.0,1.5
LIFESTYLE,,0,3.0,10,0.0,1.0
HEALTH_AND_FITNESS,,1,12.0,100,0.0,1.0
SHOPPING,5.0,1,1.1,10,0.0,1.0
TOOLS,4.1,543,26.0,10000,0.0,1.2
BUSINESS,,1,4.5,100,0.0,1.0
NEWS_AND_MAGAZINES,4.5,53,5.9,10000,0.0,1.7
NEWS_AND_MAGAZINES,5.0,3,5.7,100,0.0,1.2
SHOPPING,4.5,104068,37.0,5000000,0.0,4.5
GAME,4.4,3941129,77.0,50000000,0.0,3.12
GAME,4.3,314774,43.0,5000000,0.0,3.8
GAME,4.2,1878,20.0,100000,0.0,1.0
FAMILY,3.0,4,8.0,1000,0.0,1
FAMILY,4.1,78142,17.0,5000000,0.0,1.2
GAME,4.2,326042,10.0,10000000,0.0,3.1
FAMILY,4.2,35172,34.0,1000000,0.0,3.2
FAMILY,4.0,28633,81.0,1000000,0.0,1.14
FAMILY,4.1,3527,35.0,100000,0.0,2.2
GAME,3.6,151,100.0,10000,0.0,1.03
FAMILY,4.3,1130,48.0,50000,0.0,1.01
FAMILY,5.0,1,59.0,100,0.0,1.0
SOCIAL,3.9,6450,14.0,500000,0.0,1.3
FAMILY,,8,10.0,1000,0.0,3.3
FAMILY,4.1,29387,16.0,1000000,0.0,1.0
FAMILY,3.8,168,24.0,10000,0.0,1.2
LIFESTYLE,5.0,6,2.3,1000,0.0,6.1
GAME,3.7,38767,4.1,5000000,0.0,1.4
FAMILY,4.3,5623,28.0,100000,0.0,1.0
FAMILY,4.2,10440,27.0,500000,0.0,18.30
FAMILY,4.3,157997,27.0,10000000,0.0,1.4
NEWS_AND_MAGAZINES,2.5,81,6.7,10000,0.0,3.4
SPORTS,4.3,83545,23.0,5000000,0.0,1.193
LIFESTYLE,,0,4.9,50,0.0,1.0
SPORTS,4.3,34062,85.0,1000000,0.0,1.6
FAMILY,4.2,1484,41.0,100000,0.0,1.2
GAME,4.6,152395,14.0,10000000,0.0,1.1
FAMILY,4.0,3715,94.0,100000,0.0,1.13
FAMILY,2.9,975,45.0,100000,0.0,5
BOOKS_AND_REFERENCE,,13,0.942,1000,0.0,1.11
GAME,4.5,396090,26.0,10000000,0.0,1.7
FAMILY,4.7,417197,99.0,10000000,0.0,1.14
PERSONALIZATION,3.8,23,5.9,1000,0.0,2.0
GAME,4.7,466495,52.0,10000000,0.0,11.7
GAME,3.9,41683,63.0,1000000,0.0,1.67
FAMILY,4.5,96658,26.0,1000000,0.0,2.0
SOCIAL,4.5,412888,35.0,10000000,0.0,3.8
SOCIAL,4.3,231446,5.4,10000000,0.0,4.81
FAMILY,4.4,303394,53.0,10000000,0.0,4.426
HEALTH_AND_FITNESS,4.8,39068,4.0,500000,0.0,1.2
SPORTS,4.2,3909032,51.0,100000000,0.0,10.5
PHOTOGRAPHY,4.1,211620,20.0,10000000,0.0,7.4
GAME,4.5,6026,39.0,100000,0.0,1.04
PHOTOGRAPHY,4.5,41331,5.0,5000000,0.0,1.4
PHOTOGRAPHY,4.6,28107,5.7,500000,2.99,2.8
COMMUNICATION,4.4,552635,29.0,10000000,0.0,6.19
FAMILY,4.1,217736,87.0,10000000,0.0,1.1
TOOLS,4.3,1648515,7.1,100000000,0.0,5.42
GAME,4.7,55952,61.0,1000000,0.0,1.0
SHOPPING,4.2,609186,30.0,10000000,0.0,2.25
GAME,4.3,771001,52.0,50000000,0.0,2.0
GAME,4.5,617732,44.0,10000000,0.0,1.18
VIDEO_PLAYERS,4.8,332623,4.6,10000000,0.0,1.1
GAME,4.5,371318,90.0,10000000,0.0,10.1
VIDEO_PLAYERS,4.7,696665,91.0,10000000,0.0,4.7
FAMILY,4.4,860078,30.0,10000000,0.0,1.6
FAMILY,4.1,5997,20.0,1000000,0.0,1.1
FAMILY,4.3,796,28.0,100000,0.0,6.6
TOOLS,4.2,2013,16.0,100000,0.0,1.0
TOOLS,4.2,2925,16.0,100000,0.0,1.0
FAMILY,3.6,21095,7.9,1000000,0.0,4
FAMILY,2.8,21,57.0,1000,0.0,1.0
FAMILY,3.9,30,16.0,1000,0.0,1.1
FAMILY,3.8,10,25.0,1000,0.0,1.0
GAME,4.4,1628,34.0,50000,0.0,1.3
FAMILY,3.7,42,29.0,1000,0.0,1.7
BOOKS_AND_REFERENCE,2.7,68,87.0,5000,0.0,1.0
GAME,3.8,66,38.0,10000,0.0,1.2
FAMILY,3.2,429,18.0,10000,0.0,3.9
SPORTS,3.9,255,19.0,100000,0.0,2.1
TRAVEL_AND_LOCAL,2.3,9,70.0,1000,0.0,1.0
SPORTS,4.1,556,3.3,10000,0.0,3.0
SPORTS,4.3,1387,14.0,50000,0.0,3.0
FAMILY,3.1,192,66.0,10000,0.0,1.1
SPORTS,4.6,315,4.3,1000,2.99,2.106
FAMILY,4.1,681,48.0,100000,0.0,1.2
BUSINESS,4.4,9,31.0,500,0.0,2.0
PRODUCTIVITY,3.2,6752,3.3,1000000,0.0,3.5
FAMILY,4.5,663,25.0,50000,0.0,3.0
SOCIAL,3.7,2111,11.0,100000,0.0,4.1
LIFESTYLE,,4,17.0,1000,0.0,1.26
PERSONALIZATION,,0,16.0,1,0.99,2017
FAMILY,,21,3.5,100,0.0,8.2
FAMILY,4.4,708,33.0,50000,0.0,1.0
LIFESTYLE,4.5,532,6.4,10000,0.0,0.9
FAMILY,5.0,2,3.9,100,0.0,5.1
FAMILY,4.8,5,1.5,10,0.0,1.0
PERSONALIZATION,,0,6.6,10,0.0,1.0
FAMILY,4.6,124,23.0,10000,0.0,1.0
COMMUNICATION,4.0,1,2.4,10,0.0,1.0
FAMILY,4.1,19388,35.0,1000000,0.0,2.1
COMMUNICATION,,49,1.1,1000,0.0,1.0
MAPS_AND_NAVIGATION,4.1,204,11.0,10000,0.0,2.28
LIFESTYLE,,0,13.0,500,0.0,1.0
FAMILY,,13,34.0,1000,0.0,5.0
SOCIAL,4.8,65,7.1,500,0.0,1.1
COMMUNICATION,,0,4.2,50,0.0,3.8
BEAUTY,,8,17.0,100,0.0,1.1
LIFESTYLE,,1,3.0,100,0.0,1.0
SOCIAL,4.3,3,5.3,100,0.0,3.1
FINANCE,2.8,851,30.0,100000,0.0,0.38
LIFESTYLE,,0,3.3,1,0.0,1.0
LIFESTYLE,,0,2.5,10,0.0,1.0
TOOLS,4.7,6505,2.0,50000,2.99,6.4
TOOLS,4.2,91186,6.3,5000000,0.0,2.0
TOOLS,3.8,120494,2.3,10000000,0.0,2.0
PRODUCTIVITY,3.8,637,7.2,100000,0.0,2.5
TOOLS,3.8,79132,2.2,10000000,0.0,1.1
FAMILY,4.0,39682,6.2,1000000,0.0,3.5
TOOLS,4.0,18478,1.7,1000000,0.0,1.0
FAMILY,4.6,12,10.0,1000,0.0,2.0
TOOLS,4.0,32879,3.2,5000000,0.0,5.19
FINANCE,4.3,85,30.0,10000,0.0,18.1
FAMILY,4.3,23,11.0,5000,0.0,3.1
TOOLS,3.9,34612,2.4,5000000,0.0,2.0
PRODUCTIVITY,5.0,2,1.7,10,0.99,1.0
TOOLS,4.0,593,3.3,100000,0.0,12.04
VIDEO_PLAYERS,4.1,253207,13.0,10000000,0.0,2.0
TOOLS,3.9,23348,3.2,5000000,0.0,3.48
PRODUCTIVITY,4.2,133,7.9,10000,0.0,1.0
PHOTOGRAPHY,4.3,46242,5.2,1000000,0.0,2.1
SOCIAL,4.5,40467,22.0,1000000,0.0,5.03
TOOLS,4.4,16192,1.6,1000000,0.0,4.1
TOOLS,4.1,802,9.4,50000,0.0,1.0
VIDEO_PLAYERS,4.2,58981,5.4,10000000,0.0,1.0
SPORTS,4.5,177,1.1,10000,0.0,1.0
VIDEO_PLAYERS,4.6,148715,3.3,10000000,0.0,2.0
VIDEO_PLAYERS,4.1,24565,5.5,1000000,0.0,2.1
PRODUCTIVITY,3.9,1322,4.2,100000,0.0,1.0
TOOLS,4.7,59632,10.0,1000000,0.0,1.5
TOOLS,3.9,8780,5.0,1000000,0.0,2.7
VIDEO_PLAYERS,4.3,38607,2.9,1000000,0.0,3.1
SOCIAL,2.9,90,30.0,10000,0.0,1.0
BOOKS_AND_REFERENCE,4.4,283,5.4,10000,0.0,1.1
SOCIAL,3.7,55,3.7,5000,0.0,3.20
COMMUNICATION,4.4,25,2.9,5000,0.0,0.3
FAMILY,4.1,942,3.0,100000,0.0,1.14
COMMUNICATION,,3,4.2,5000,0.0,3.8
TOOLS,2.8,11,11.0,1000,0.0,1.7
MEDICAL,4.9,18,3.0,1000,0.0,1.0
TOOLS,2.8,54,20.0,5000,0.0,1.1
GAME,2.5,450,97.0,10000,0.0,2.0
PERSONALIZATION,4.7,51,0.259,1000,0.0,1.0
BOOKS_AND_REFERENCE,3.1,50,4.9,1000,1.99,2.0
COMMUNICATION,,0,11.0,10,0.0,1.3
TOOLS,3.2,11,36.0,1000,0.0,2.4
MAPS_AND_NAVIGATION,4.3,15,0.164,5000,0.0,1.6
TOOLS,3.9,27,3.0,1000,0.0,1.1
TOOLS,3.6,7,16.0,1000,0.0,2.3
SOCIAL,3.2,6,0.458,100,0.0,1.0
TRAVEL_AND_LOCAL,,51,0.245,10000,0.0,1.0
COMMUNICATION,3.5,11,5.2,1000,0.0,2.0
SPORTS,3.3,64,5.7,5000,0.0,1.9
TOOLS,,0,3.3,5,0.99,1.2
NEWS_AND_MAGAZINES,,0,27.0,10,0.0,1.0
PHOTOGRAPHY,,2,10.0,100,0.0,30.0
MAPS_AND_NAVIGATION,,10,7.8,100,0.0,2.1
MEDICAL,2.4,32,8.5,5000,0.0,1.5
SOCIAL,4.4,5985,5.9,500000,0.0,1.4
FAMILY,2.8,5,0.629,50,0.99,1.0
FAMILY,5.0,3,1.7,500,0.0,2.1
FINANCE,,0,92.0,100,0.0,4.0
SPORTS,4.4,426,21.0,5000,1.99,2.2
SHOPPING,,3,1.2,100,0.0,1.1
TOOLS,,4,33.0,100,0.0,1.4
TOOLS,,0,35.0,50,0.0,2.1
SOCIAL,,0,2.4,10,0.0,1.0
GAME,,0,11.0,10,0.0,1.0
BUSINESS,,1,23.0,100,0.0,21
FAMILY,5.0,3,4.0,100,0.0,1.0
NEWS_AND_MAGAZINES,3.3,78,17.0,10000,0.0,3.2
NEWS_AND_MAGAZINES,2.9,61,4.1,10000,0.0,2.0
NEWS_AND_MAGAZINES,4.1,56,0.028,1000,0.0,1.15
NEWS_AND_MAGAZINES,4.6,18,1.8,100,0.0,1.0
BUSINESS,,0,3.4,50,0.0,2.1
NEWS_AND_MAGAZINES,2.2,160,32.0,50000,0.0,1.3
PERSONALIZATION,4.3,505,0.288,10000,1.99,0.6
SOCIAL,5.0,20,4.2,10,0.0,1.0
NEWS_AND_MAGAZINES,2.5,2055,17.0,100000,0.0,4.2
PRODUCTIVITY,,4,18.0,500,0.0,7.17
NEWS_AND_MAGAZINES,3.0,29,37.0,5000,0.0,2.1
NEWS_AND_MAGAZINES,3.7,794,15.0,100000,0.0,3.2
FAMILY,5.0,1,3.8,10,0.0,1.4
BUSINESS,,0,21.0,10,0.0,1.0
BUSINESS,,1,4.2,50,0.0,1.0
BUSINESS,,0,28.0,500,0.0,1.0
BOOKS_AND_REFERENCE,,7,2.3,10,2.99,1.0
FINANCE,5.0,12,0.775,100,0.0,1.11
BUSINESS,,4,10.0,100,0.0,3.9
FINANCE,,0,5.9,100,0.0,1.1
FAMILY,4.1,89,33.0,5000,4.49,2.5
FAMILY,,0,7.5,5,0.0,1.0
FAMILY,,0,19.0,10,0.0,1.0
NEWS_AND_MAGAZINES,,0,3.8,10,0.0,1.1
NEWS_AND_MAGAZINES,4.1,905,4.0,50000,0.0,2.2
FAMILY,4.6,11872,62.0,100000,0.0,1.2
BUSINESS,,0,7.6,1,0.0,1.0
FAMILY,4.5,364013,27.0,1000000,0.0,14.4
NEWS_AND_MAGAZINES,,0,2.1,0,0.0,1.1
FAMILY,3.3,707,15.0,100000,0.0,2.1
PRODUCTIVITY,,130,3.4,1000,8.49,12.0
GAME,4.4,13079,30.0,500000,0.0,1.6
PERSONALIZATION,4.7,4856,18.0,50000,2.49,1.5
FAMILY,4.7,2910,5.3,50000,0.0,2.0
FAMILY,4.0,3745,31.0,1000000,0.0,2.5
GAME,4.5,2032,50.0,50000,0.0,0.1
PRODUCTIVITY,4.3,596,22.0,50000,0.0,1.3
FAMILY,4.6,166,2.6,10000,0.0,1.1
FAMILY,4.7,456474,86.0,5000000,0.0,1.2
GAME,4.4,267395,71.0,5000000,0.0,1.1
FAMILY,4.0,45359,32.0,1000000,0.0,1.0
PRODUCTIVITY,4.2,25427,9.2,1000000,0.0,18.0
PRODUCTIVITY,4.1,14432,16.0,1000000,0.0,1.36
PRODUCTIVITY,4.3,226295,4.2,10000000,0.0,4.3
PRODUCTIVITY,4.7,253155,3.5,5000000,0.0,3.0
PRODUCTIVITY,4.3,549900,60.0,10000000,0.0,7.3
FAMILY,3.1,1073,5.9,100000,0.0,1.0
GAME,4.0,154108,78.0,5000000,0.0,1.4
PRODUCTIVITY,4.5,155998,12.0,10000000,0.0,12.8
PRODUCTIVITY,4.4,72161,4.9,1000000,0.0,2.68
BOOKS_AND_REFERENCE,4.4,43088,3.0,1000000,0.0,2.7
PRODUCTIVITY,4.6,6320,6.3,100000,0.0,2.0
PRODUCTIVITY,4.6,14089,8.4,500000,0.0,0.21
PRODUCTIVITY,4.3,26452,4.0,1000000,0.0,2.3
PRODUCTIVITY,4.3,6120,1.9,100000,0.0,2.10
PRODUCTIVITY,3.9,7801,0.201,1000000,0.0,2.0
PRODUCTIVITY,4.5,57449,5.0,1000000,0.0,1.2
PRODUCTIVITY,4.7,7566,4.0,500000,0.0,67
PRODUCTIVITY,4.3,4649,30.0,100000,0.0,2.8
LIFESTYLE,4.6,10484,9.0,1000000,0.0,1.4
PRODUCTIVITY,4.2,2537,8.5,500000,0.0,2.2
PRODUCTIVITY,4.2,86172,13.0,1000000,0.0,1.1
PRODUCTIVITY,4.1,661,3.4,100000,0.0,2.1
PRODUCTIVITY,4.6,7969,20.0,100000,0.0,2.7
PRODUCTIVITY,4.4,688,4.4,50000,0.0,2.22
FAMILY,3.7,56664,8.3,1000000,0.0,1.4
MEDICAL,4.4,2295,19.0,100000,0.0,0.3
GAME,3.9,1290,6.4,100000,0.0,2.3
TOOLS,4.3,15618,2.4,1000000,0.0,1.5
PRODUCTIVITY,4.3,11402,5.3,1000000,0.0,1.3
FAMILY,4.5,1007,5.2,100000,0.0,7.0
GAME,4.5,401648,70.0,10000000,0.0,1.6
GAME,4.5,8193,41.0,500000,0.0,1.0
SPORTS,4.5,97,1.9,10000,0.0,1.0
GAME,4.7,1115,39.0,100000,0.0,1.0
FAMILY,4.3,1853,5.8,500000,0.0,1.8
PERSONALIZATION,4.4,1623,11.0,1000000,0.0,2.7
SOCIAL,4.5,787,6.9,100000,0.0,2.4
PHOTOGRAPHY,4.3,18,15.0,5000,0.0,1.5
FAMILY,4.3,1922,4.7,500000,0.0,1.13
ART_AND_DESIGN,4.2,175,8.2,50000,0.0,1.2
PHOTOGRAPHY,4.2,784,18.0,100000,0.0,1.00
TOOLS,4.3,1283,4.4,100000,0.0,4.1
PHOTOGRAPHY,4.2,67,15.0,10000,0.0,1.0
PERSONALIZATION,4.7,10786,9.4,500000,0.0,2.3
FAMILY,4.1,623,3.0,100000,0.0,1.0
SOCIAL,4.3,39,12.0,5000,0.0,1.0
PERSONALIZATION,4.1,293,3.4,100000,0.0,1.4
PHOTOGRAPHY,3.8,4813,5.1,100000,0.0,1.5
PHOTOGRAPHY,4.5,12,2.0,1000,0.0,1.0
FAMILY,4.1,3003,3.2,1000000,0.0,1.8
PHOTOGRAPHY,,2,5.2,1000,0.0,1.1
SOCIAL,4.3,48,11.0,5000,0.0,1.3
PHOTOGRAPHY,4.5,16,14.0,1000,0.0,2.1
PHOTOGRAPHY,4.1,88,7.7,10000,0.0,2.5
PERSONALIZATION,4.4,49,12.0,10000,0.0,1.7
FAMILY,4.3,694,3.8,100000,0.0,1.6
FAMILY,4.4,634,8.1,100000,0.0,1.0
FAMILY,4.3,131,5.4,50000,0.0,1.2
FAMILY,,1,5.7,100,0.0,1.0
SOCIAL,4.1,56,10.0,5000,0.0,1.0
PHOTOGRAPHY,4.6,666,8.7,100000,0.0,6.1
LIFESTYLE,4.7,25,3.8,10000,0.0,1.0
SOCIAL,4.2,93,5.6,10000,0.0,7.6
LIFESTYLE,3.7,121,3.8,10000,0.0,1.0
SOCIAL,4.7,38,4.1,5000,0.0,1.0
SOCIAL,4.4,39,11.0,5000,0.0,20
FAMILY,4.7,19,5.7,1000,0.0,1.0
FAMILY,4.2,91,3.8,10000,0.0,9.0
SOCIAL,4.6,12111,9.1,500000,0.0,1.47
FAMILY,4.5,132,2.5,5000,0.0,2.0
FAMILY,4.8,38,6.7,1000,0.0,5.2
PHOTOGRAPHY,3.7,42,11.0,5000,0.0,1.0
ART_AND_DESIGN,4.3,132,7.7,10000,0.0,1
PHOTOGRAPHY,4.2,302,7.0,50000,0.0,15
FOOD_AND_DRINK,3.6,742,43.0,100000,0.0,2.1
FOOD_AND_DRINK,4.1,336,13.0,100000,0.0,1.4
BUSINESS,2.3,41,20.0,10000,0.0,1.1
GAME,4.3,8432,59.0,500000,0.0,1.4
FOOD_AND_DRINK,4.6,42,3.9,100,0.0,1.0
FAMILY,4.5,7812,27.0,50000,19.99,1.1
BUSINESS,4.0,3,16.0,1000,0.0,1.10
FAMILY,4.2,1661,63.0,10000,9.99,1.0
PHOTOGRAPHY,4.6,617,12.0,10000,1.99,1.5
FAMILY,4.2,9659,30.0,100000,2.99,1.0
FAMILY,4.5,2576,44.0,10000,4.99,1.0
FOOD_AND_DRINK,4.3,19373,43.0,1000000,0.0,3.3
FAMILY,4.4,3358,17.0,100000,14.99,1.0
FOOD_AND_DRINK,3.6,145646,42.0,10000000,0.0,5.15
BUSINESS,4.0,3,6.3,500,0.0,1.2
TOOLS,,0,2.6,1,0.0,1.1
MAPS_AND_NAVIGATION,2.8,1911,20.0,100000,0.0,3.4
LIFESTYLE,3.8,28140,16.0,1000000,0.0,5.0
PHOTOGRAPHY,4.1,5485,13.0,1000000,0.0,1.2
FAMILY,3.8,11250,6.3,100000,9.99,2.0
BUSINESS,3.4,15,2.7,10000,0.0,3.2
FOOD_AND_DRINK,4.5,5093,56.0,500000,0.0,1.9
FAMILY,4.3,8450,1.1,100000,13.99,1.1
FOOD_AND_DRINK,3.1,194,26.0,100000,0.0,1.3
FAMILY,4.6,13492,56.0,100000,0.0,1.1
SHOPPING,3.3,272,0.785,100000,0.0,1.1
GAME,3.9,2362,25.0,100000,0.0,1.3
GAME,4.2,139432,4.7,10000000,0.0,1.5
FAMILY,4.9,707,6.0,10000,0.0,1.5
LIFESTYLE,3.9,1638,4.9,100000,0.0,1.20
FOOD_AND_DRINK,3.4,6512,18.0,1000000,0.0,5.7
FOOD_AND_DRINK,4.2,68270,66.0,1000000,0.0,5.0
FOOD_AND_DRINK,3.8,21381,41.0,1000000,0.0,7.9
GAME,4.6,58575,96.0,1000000,0.0,2.55
SPORTS,4.4,32881,76.0,1000000,0.0,0.0
COMMUNICATION,4.0,6,4.2,1000,0.0,3.1
FOOD_AND_DRINK,4.2,10225,36.0,1000000,0.0,4.4
PERSONALIZATION,,1,3.9,100,0.0,1.1
FOOD_AND_DRINK,4.2,441,24.0,100000,0.0,2.2
FOOD_AND_DRINK,4.5,455496,35.0,10000000,0.0,4.11
PRODUCTIVITY,4.6,84,23.0,1000,4.29,2.3
GAME,4.4,475369,13.0,50000000,0.0,1.14
GAME,4.6,358633,19.0,10000000,0.0,1.32
TOOLS,3.7,23347,7.6,5000000,0.0,3.2
FAMILY,4.1,1626,96.0,100000,0.0,1.8
FAMILY,4.2,14432,35.0,500000,0.0,1.5
GAME,4.5,14253,81.0,1000000,0.0,3.1
GAME,4.6,15829,95.0,1000000,0.0,1.29
TOOLS,4.5,101738,10.0,1000000,0.0,2.2
TOOLS,4.4,372553,21.0,10000000,0.0,3.0
VIDEO_PLAYERS,3.3,6716,4.7,500000,0.0,3.0
FAMILY,4.2,3345,27.0,1000000,0.0,1.0
FAMILY,4.2,200450,25.0,10000000,0.0,1.39
GAME,4.0,42182,3.4,1000000,0.0,1.11
HEALTH_AND_FITNESS,4.0,87,33.0,10000,0.0,2.5
GAME,4.0,2700,5.7,500000,0.0,1.06
FAMILY,3.5,2310,3.1,500000,0.0,1.06
FAMILY,3.9,3847,4.3,1000000,0.0,1.05
GAME,3.9,85317,4.5,5000000,0.0,1.54
FAMILY,4.1,265,46.0,10000,2.99,1.0
FAMILY,4.4,54,33.0,500,2.99,1.2
FAMILY,4.2,1013,58.0,50000,2.99,1.7
FAMILY,4.4,2311,9.3,100000,1.99,1.01
FAMILY,4.3,2419,6.2,100000,0.0,1.2
GAME,4.1,97209,6.7,1000000,0.0,1.41
FAMILY,4.0,4518,41.0,1000000,0.0,3.3
GAME,4.3,146,6.0,10000,0.0,5.3
FAMILY,4.4,3397,9.5,50000,3.99,1.8
FAMILY,4.5,3580,60.0,100000,0.0,1.8
GAME,4.6,18,31.0,100,4.99,1.0
FAMILY,3.7,11748,36.0,1000000,0.0,1.3
PRODUCTIVITY,3.8,1205,4.3,100000,0.0,2
FAMILY,3.4,267,1.5,10000,0.0,2.1
GAME,4.3,183,68.0,10000,0.0,2.1
HEALTH_AND_FITNESS,3.8,76,1.2,1000,4.99,1.1
FAMILY,4.7,429,12.0,10000,3.99,2.05
TOOLS,4.4,138872,22.0,10000000,0.0,2.0
FAMILY,4.4,1091,45.0,50000,2.99,1.6
FAMILY,4.1,11788,62.0,1000000,0.0,1.01
FAMILY,4.4,23022,80.0,1000000,0.0,2.16
BOOKS_AND_REFERENCE,4.0,22,34.0,1000,0.0,1.1
FAMILY,3.9,1985,3.5,500000,0.0,1.05
FAMILY,4.3,3725,67.0,100000,2.99,1.96
FAMILY,4.2,1357,58.0,50000,2.99,1.6
GAME,3.3,19291,5.1,1000000,0.0,1.24
FAMILY,4.0,68,5.5,5000,0.0,0.1
GAME,4.6,87766,12.0,1000000,4.99,2.5
GAME,4.1,14002,19.0,1000000,0.0,1.0
GAME,4.1,22896,19.0,1000000,0.0,1.0
GAME,3.4,107778,8.8,10000000,0.0,47
GAME,3.4,2218,11.0,500000,0.0,2.0
PRODUCTIVITY,4.1,10676,12.0,1000000,0.0,4.11
TOOLS,4.0,2596,32.0,500000,0.0,2.0
TOOLS,3.4,71852,22.0,5000000,0.0,1.12
TOOLS,3.2,4908,38.0,500000,0.0,2.8
PRODUCTIVITY,3.9,2046,60.0,100000,0.0,1.10
PRODUCTIVITY,3.6,3227,35.0,500000,0.0,3.0
TOOLS,3.8,253,15.0,50000,0.0,1.1
GAME,3.9,1576,43.0,50000,0.0,2.1
TOOLS,1.0,2,4.4,500,0.0,2.0
TOOLS,4.6,14,2.1,1000,0.0,1.0
FAMILY,4.9,15,23.0,100,0.0,1
PRODUCTIVITY,,3,2.3,50,2.6,1.0
TOOLS,2.6,5,0.636,500,0.0,2.0
WEATHER,3.9,2962,4.2,100000,0.0,3.67
HEALTH_AND_FITNESS,,0,4.6,50,0.0,1.7
PHOTOGRAPHY,3.5,13,7.9,1000,0.0,1.2
GAME,3.2,768,1.4,100000,0.0,1.0
FAMILY,,1,21.0,10,0.0,2.0
TOOLS,3.3,35,0.916,1000,0.0,0.2
BUSINESS,,3,28.0,100,0.0,1.7
BUSINESS,,2,1.6,500,0.0,2.983
GAME,3.8,21423,84.0,1000000,0.0,1.7
MAPS_AND_NAVIGATION,3.9,22382,6.6,1000000,0.0,6.93
FAMILY,4.6,877576,12.0,10000000,0.0,6.0
PRODUCTIVITY,1.8,12,14.0,1000,0.0,1.2
BUSINESS,,0,38.0,5,0.0,1.2
FAMILY,4.3,9,5.0,500,0.0,0.5
TOOLS,3.9,1417,2.9,10000,3.28,5.1
BUSINESS,,2,1.4,10,0.0,1.0
FAMILY,4.8,5,8.4,100,0.0,2.0
WEATHER,3.7,631,3.0,100000,0.0,2.20
PHOTOGRAPHY,4.0,1,2.6,10,4.99,1.5
TOOLS,4.1,22032,3.7,1000000,0.0,5.1
SPORTS,4.6,162933,100.0,5000000,0.0,25.7
TOOLS,4.0,127,5.8,10000,0.0,1.31
BUSINESS,,1,28.0,100,0.0,1.7
FINANCE,4.8,4,4.5,1000,0.0,3.10
LIFESTYLE,,0,8.9,100,0.0,7.2
PRODUCTIVITY,4.0,9,3.1,500,0.0,1.7
FAMILY,3.5,2,22.0,50,2.99,1.1
FAMILY,,6,9.9,1000,0.0,1.3
BUSINESS,3.0,2,49.0,500,0.0,2.1
FAMILY,4.6,477,1.6,10000,0.0,1.1
TOOLS,1.6,39,8.9,1000,0.0,1.1
FAMILY,3.8,110,22.0,5000,0.0,1.0
TOOLS,1.7,10,23.0,500,0.0,3.0
FAMILY,4.6,190086,94.0,1000000,2.99,3.16
FAMILY,5.0,3,6.3,500,0.0,4.1
COMMUNICATION,4.6,8,1.1,1000,0.0,1.0
SPORTS,4.4,63779,95.0,1000000,0.0,1.5
SPORTS,4.5,1312936,21.0,10000000,0.0,3.4
FAMILY,3.8,25,9.5,1000,0.0,1.2
AUTO_AND_VEHICLES,4.0,4,24.0,100,0.0,0.20
SPORTS,4.1,10,1.5,1000,0.0,1.01
MEDICAL,,1,24.0,10,0.0,2.0
SHOPPING,5.0,1,7.9,10,0.0,1.0
BUSINESS,,0,5.3,1,0.0,1.1
ART_AND_DESIGN,,0,1.2,0,0.0,4.0
HEALTH_AND_FITNESS,,0,12.0,10,0.0,1.0
BUSINESS,,6,5.7,500,0.0,1.1
HEALTH_AND_FITNESS,5.0,18,13.0,100,0.0,1.0
TOOLS,1.0,1,24.0,50,0.0,3.1
PRODUCTIVITY,,0,54.0,1,0.0,8.0
PERSONALIZATION,,13,3.9,1000,0.0,1.1
GAME,4.6,137338,51.0,5000000,0.0,1.44
HEALTH_AND_FITNESS,2.4,44,49.0,1000,0.0,1.0
SHOPPING,,0,1.3,10,0.0,1.1
SHOPPING,4.5,18,0.994,1000,0.0,0.8
SPORTS,,27,3.6,500,0.0,0.22
SPORTS,,24,4.1,100,0.0,4.1
SPORTS,4.4,199739,66.0,10000000,0.0,1.18
LIFESTYLE,4.3,206,32.0,1000,4.99,14.0
ART_AND_DESIGN,5.0,1,2.9,100,0.0,1.0
SPORTS,4.1,6231,8.9,100000,0.0,10.36
GAME,3.8,499,47.0,10000,3.99,1.0
PERSONALIZATION,3.9,168,2.1,50000,0.0,1.0
NEWS_AND_MAGAZINES,3.1,124,12.0,10000,0.0,4.9
TOOLS,4.7,24985,7.8,500000,0.0,2.2
TOOLS,4.5,12759815,15.0,100000000,0.0,3.1
LIFESTYLE,3.5,7578,25.0,1000000,0.0,3.98
TOOLS,4.5,13479633,14.0,100000000,0.0,4.8
TOOLS,4.6,436615,10.0,10000000,0.0,3.3
TOOLS,4.5,465831,8.9,10000000,0.0,1.5
PERSONALIZATION,4.5,67707,4.8,1000000,0.0,1.8
TOOLS,4.4,4847,3.2,100000,0.0,3.0
COMMUNICATION,4.3,1133539,4.7,10000000,0.0,6.4
TOOLS,4.2,20941,2.0,1000000,0.0,1.12
COMMUNICATION,4.6,93930,14.0,5000000,0.0,4.0
TOOLS,4.5,5174,4.7,100000,0.0,2.0
FAMILY,3.8,935,22.0,50000,0.0,6.4
TOOLS,4.3,19234,14.0,500000,0.0,3.1
PHOTOGRAPHY,4.6,7605,4.3,500000,0.0,1.2
TOOLS,3.6,12993,5.2,1000000,0.0,1.3
PERSONALIZATION,4.2,868,0.309,50000,0.0,1.1
WEATHER,4.7,14051,8.7,100000,3.99,8.5
PERSONALIZATION,4.3,1419,0.485,50000,0.0,1.1
PHOTOGRAPHY,4.7,4595,2.5,100000,0.0,1.4
FAMILY,4.8,3390,9.2,100000,0.0,1.5
SPORTS,3.1,500,39.0,50000,0.0,10.012
GAME,4.5,23599,96.0,100000,0.0,11.0
BOOKS_AND_REFERENCE,4.5,313,6.9,50000,0.0,0.7
BOOKS_AND_REFERENCE,4.5,314,9.8,50000,0.0,2.10
FAMILY,,22,16.0,5000,0.0,1.0
PRODUCTIVITY,4.7,101163,6.2,5000000,0.0,1.4
FAMILY,4.1,321,0.914,100000,0.0,1.0
FAMILY,4.4,265,8.2,50000,0.0,1.0
PRODUCTIVITY,4.6,1048766,13.0,10000000,0.0,2.6
BOOKS_AND_REFERENCE,3.4,116,48.0,5000,4.6,1.4
FAMILY,,38,2.8,10000,0.0,1.1
VIDEO_PLAYERS,3.6,5692,31.0,1000000,0.0,1.4
VIDEO_PLAYERS,3.7,321,1.3,50000,0.0,1.2
LIFESTYLE,2.1,86,29.0,10000,0.0,3.0
PHOTOGRAPHY,2.0,16,17.0,1000,0.0,1.0
AUTO_AND_VEHICLES,3.5,12,19.0,5000,0.0,1.27
FAMILY,4.3,158,2.6,10000,0.0,17.0
TOOLS,2.4,99,71.0,10000,0.0,1.0
FAMILY,4.5,97,2.6,10000,0.0,3.0
TOOLS,2.8,29,14.0,1000,0.0,2.3
PHOTOGRAPHY,,17,44.0,1000,0.0,0.0
BOOKS_AND_REFERENCE,4.5,92,5.1,10000,0.0,2.0
PHOTOGRAPHY,,1,11.0,50,0.0,10.4
HOUSE_AND_HOME,2.8,5,13.0,1000,0.0,1.0
BOOKS_AND_REFERENCE,3.9,314,2.6,50000,0.0,6.0
TOOLS,3.2,67,65.0,10000,0.0,1.0
PHOTOGRAPHY,3.1,6827,8.7,1000000,0.0,1.9
SPORTS,2.4,551,0.903,100000,0.0,1.4
MAPS_AND_NAVIGATION,4.6,10,25.0,100,0.0,1.002
VIDEO_PLAYERS,2.9,23,4.0,5000,0.0,1.1
PHOTOGRAPHY,4.0,223,1.7,50000,0.0,1.06
TOOLS,3.7,770,2.4,10000,4.99,1.6
PHOTOGRAPHY,2.3,3,8.5,100,0.0,1.0
PHOTOGRAPHY,2.9,118,26.0,50000,0.0,1.3
TRAVEL_AND_LOCAL,4.6,41,2.0,10000,0.0,1.02
FAMILY,4.3,21,2.5,1000,0.0,5.0
FAMILY,5.0,1,18.0,100,0.0,1.0
PHOTOGRAPHY,4.2,382,2.9,100000,0.0,39.272
FAMILY,4.6,13,1.3,1000,0.0,1.1
FAMILY,4.5,8,1.7,1000,0.0,1.0
SOCIAL,4.2,6,2.7,100,0.0,1.2
BOOKS_AND_REFERENCE,4.8,11,0.608,1000,0.0,1.09
VIDEO_PLAYERS,3.5,81,22.0,10000,0.0,1.3
FAMILY,4.6,166,4.2,5000,0.0,3.0
VIDEO_PLAYERS,3.5,3484,41.0,500000,0.0,3.0
VIDEO_PLAYERS,3.6,1522,65.0,100000,0.0,1.5
TOOLS,,0,16.0,50,0.0,1.0
LIFESTYLE,5.0,5,15.0,100,0.0,1.2
PHOTOGRAPHY,3.0,2,9.3,100,0.0,1.0
TOOLS,,2,4.2,500,0.0,1.0
PRODUCTIVITY,,1,5.1,10,0.0,1.0
PHOTOGRAPHY,2.9,66,8.9,10000,0.0,1.0
VIDEO_PLAYERS,3.7,20,24.0,5000,0.0,7.0
TRAVEL_AND_LOCAL,4.6,14,4.0,1000,0.0,1.0
GAME,4.2,3816,31.0,100000,0.0,1.0
TOOLS,3.2,427,9.5,100000,0.0,1.7
PHOTOGRAPHY,2.5,1283,8.2,100000,0.0,1.2
NEWS_AND_MAGAZINES,4.4,17671,17.0,1000000,0.0,2.3
FAMILY,4.3,902,1.8,100000,0.0,1.0
BUSINESS,4.0,44,30.0,10000,0.0,18.1
NEWS_AND_MAGAZINES,4.5,322,31.0,10000,0.0,4.0
TOOLS,3.4,843,8.5,100000,0.0,3.7
NEWS_AND_MAGAZINES,4.3,25,6.3,1000,0.0,1.0
NEWS_AND_MAGAZINES,,0,4.8,10000,0.0,1.0
NEWS_AND_MAGAZINES,4.3,386,6.0,50000,0.0,3.2
NEWS_AND_MAGAZINES,,0,5.8,100,0.0,1.0
NEWS_AND_MAGAZINES,,1,6.3,10,0.0,1.0
FAMILY,4.0,25,79.0,5000,0.0,1.0
NEWS_AND_MAGAZINES,4.9,9,6.3,1000,0.0,1.0
BUSINESS,3.4,102,2.4,10000,0.0,2.5
FAMILY,4.9,38,5.0,1000,0.0,0.9
TOOLS,4.3,56,2.0,1000,0.99,1.1
NEWS_AND_MAGAZINES,4.7,11,4.4,1000,0.0,1.0
FAMILY,4.8,18298,8.0,500000,0.0,2.94
EVENTS,4.3,9,39.0,1000,0.0,2.32
BUSINESS,4.0,6,3.5,500,0.0,1.1
FAMILY,,5,3.9,1000,0.0,1.2
VIDEO_PLAYERS,3.5,197,9.8,10000,0.0,1.0
BUSINESS,,1,5.9,100,0.0,26.1
BUSINESS,5.0,6,15.0,100,0.0,69.1
NEWS_AND_MAGAZINES,4.7,10,6.3,1000,0.0,1.0
BUSINESS,,0,3.0,10,0.0,1.0
TOOLS,4.2,37,2.2,5000,0.0,0.0
NEWS_AND_MAGAZINES,4.4,3375,4.2,100000,0.0,4.1
TOOLS,4.2,155,16.0,10000,0.0,1.3
TOOLS,5.0,9,1.5,100,0.0,1.0
PERSONALIZATION,5.0,13,0.5,100,1.49,1.2
BUSINESS,2.0,9,3.4,1000,0.0,1.1
PERSONALIZATION,,1,3.3,100,0.0,1.1
TRAVEL_AND_LOCAL,3.7,35,13.0,10000,0.0,1.9
TOOLS,,0,2.5,10,0.0,1.0
HEALTH_AND_FITNESS,,0,10.0,10,0.0,4.2
TOOLS,,7,3.0,500,0.0,1.7
TOOLS,3.9,65,0.054,5000,0.0,1.4
NEWS_AND_MAGAZINES,4.5,171,4.8,10000,0.0,3.0
PERSONALIZATION,,1,2.9,100,0.0,1.1
LIFESTYLE,,2,3.0,500,0.0,1.1
HEALTH_AND_FITNESS,,0,40.0,10,0.0,1.0
SHOPPING,3.1,6697,11.0,500000,0.0,4.2
FINANCE,4.5,6156,6.6,500000,0.0,1.0
GAME,4.7,416,16.0,10000,2.99,1.0
SPORTS,4.4,552,1.6,5000,1.0,3.4
FAMILY,3.8,5964,48.0,500000,0.0,1.1
FAMILY,4.2,3195,4.6,100000,0.99,1.2
COMMUNICATION,4.5,115,2.8,5000,0.0,1.4
LIFESTYLE,4.5,22,23.0,1000,0.0,2.0
FAMILY,4.6,281,26.0,5000,0.0,1.4
SPORTS,4.2,15068,2.5,1000000,0.0,3.4
TOOLS,4.5,46,24.0,1000,0.0,2.0
FAMILY,4.2,449,56.0,10000,0.0,1.5
FAMILY,4.2,636,4.0,100000,0.0,1.21
TOOLS,4.1,27,2.5,1000,0.0,1.131
FAMILY,4.3,1894,40.0,100000,0.0,1.441
FAMILY,5.0,7,73.0,10,0.99,1.2
FAMILY,4.6,67,31.0,10000,0.0,1.7
FAMILY,4.4,16,45.0,500,0.0,1.1
FAMILY,,17,42.0,1000,0.0,1.0
FAMILY,4.5,182,39.0,10000,0.0,2.0
SPORTS,3.6,28,48.0,500,2.99,1.0
FAMILY,4.6,14,7.2,5000,0.0,1.5
FAMILY,,23,10.0,5000,0.0,1.6
FAMILY,4.0,127,14.0,10000,0.0,1.0
FAMILY,4.6,33,11.0,5000,0.0,1.5
COMMUNICATION,4.5,51,21.0,5000,0.0,3.0
FAMILY,4.5,64,32.0,5000,0.0,3.0
FAMILY,,2,47.0,10,0.0,1
FAMILY,,1,2.1,50,2.99,1.02
GAME,5.0,4,33.0,50,1.99,1.05
PERSONALIZATION,4.4,5,3.4,50,0.99,2.0
COMMUNICATION,,0,17.0,10,0.99,1.7
TOOLS,4.0,5,1.6,500,0.0,0.0
FAMILY,3.5,13,42.0,100,0.99,1.0
HEALTH_AND_FITNESS,5.0,6,11.0,100,0.0,1.7
FAMILY,4.0,35,48.0,5000,0.0,1.6
FAMILY,4.2,5,40.0,50,1.49,1.7
FAMILY,3.9,46,20.0,10000,2.99,1.0
MEDICAL,4.5,131,60.0,10000,0.0,5.0
FAMILY,3.6,215,2.6,50000,0.0,1.0
LIFESTYLE,4.2,9,22.0,100,0.0,1.01
FAMILY,3.0,6,3.2,1000,0.0,1.0
FAMILY,4.0,3,5.3,100,0.0,1.0
TOOLS,3.4,30,22.0,5000,0.0,1.2
FAMILY,4.9,37,10.0,100,0.0,1.0
HEALTH_AND_FITNESS,,0,43.0,10,0.0,4.4
LIFESTYLE,,1,4.8,50,0.0,1.0
PERSONALIZATION,,8,20.0,1000,0.0,2.6
TRAVEL_AND_LOCAL,,8,1.9,100,0.0,0.0
BUSINESS,4.0,2,3.3,10,0.0,1.1
FAMILY,4.4,152,1.2,10000,0.0,1.0
GAME,4.1,395,54.0,50000,0.0,1.4
FAMILY,4.4,969,26.0,50000,0.0,2.9
PHOTOGRAPHY,,1,67.0,50,0.0,3.0
PERSONALIZATION,4.5,237,6.4,10000,0.0,1.279
FAMILY,4.2,632,50.0,100000,0.0,1.4
TOOLS,3.9,167,2.5,10000,0.0,1.0
FAMILY,,4,1.3,100,0.0,1.1
GAME,3.6,120852,21.0,10000000,0.0,1.1
FAMILY,5.0,8,7.4,50,0.0,1.0
FAMILY,4.4,3032,30.0,1000000,0.0,1.2
FAMILY,3.6,1185,3.9,100000,0.0,5.3
PRODUCTIVITY,4.7,2807,9.8,100000,0.0,0.74
NEWS_AND_MAGAZINES,4.2,2318,4.5,100000,0.0,2.3
TRAVEL_AND_LOCAL,4.5,289,9.8,10000,0.0,2.6
FINANCE,4.7,642,3.2,10000,0.0,2018
FAMILY,,14,47.0,10,0.99,1.2
SHOPPING,,59,6.0,10000,0.0,1.0
COMMUNICATION,4.3,488,2.5,50000,0.0,6.2
TOOLS,4.2,2058,2.3,100000,0.0,3.0
FINANCE,,0,14.0,1,5.99,1.0
TRAVEL_AND_LOCAL,4.7,57,7.0,1000,0.0,2018
PRODUCTIVITY,4.4,457,0.562,50000,0.0,1.2
FINANCE,,0,14.0,1,28.99,1.0
WEATHER,4.1,1238,4.7,100000,0.0,1.1
VIDEO_PLAYERS,4.5,83,4.5,5000,0.0,4.6
SHOPPING,4.1,331,10.0,50000,0.0,2.51
NEWS_AND_MAGAZINES,4.0,146,3.0,10000,0.0,2.4
GAME,,6,18.0,100,0.0,1.0
GAME,,24,32.0,1000,0.0,1.0
SHOPPING,4.3,10355,0.847,1000000,0.0,1.5
TOOLS,4.2,994,2.8,100000,0.0,6.0
SOCIAL,,3,9.9,10,0.0,1.0
TOOLS,4.2,3606,17.0,100000,0.0,1.22
FINANCE,,4,2.5,1000,0.0,1.0
HEALTH_AND_FITNESS,4.1,131,3.4,5000,0.0,1.06
FAMILY,4.2,238,6.8,10000,0.0,6.0
HEALTH_AND_FITNESS,,2,0.957,100,0.0,1.0
COMMUNICATION,5.0,8,29.0,100,0.0,1.0
FINANCE,4.0,26,3.6,1000,0.0,1.0
GAME,4.5,17,28.0,500,0.0,1.0
FAMILY,,40,3.1,1000,0.0,4.0
FAMILY,4.1,1060,2.5,100000,0.0,0.35
FAMILY,,16,1.6,500,0.0,2.0
MEDICAL,4.7,125,23.0,10000,0.0,12
TOOLS,4.4,417,15.0,10000,0.0,3.0
MEDICAL,4.9,26,6.1,1000,0.0,1.0
TRAVEL_AND_LOCAL,3.6,114,10.0,10000,0.0,2.0
TOOLS,4.2,268,2.4,10000,0.0,3.0
SHOPPING,,16,4.6,500,0.0,1.0
FINANCE,4.4,188,3.3,10000,0.0,2.5
NEWS_AND_MAGAZINES,,30,10.0,1000,0.0,1.8
FINANCE,4.5,625,3.8,10000,0.0,2.10
COMMUNICATION,4.2,10,3.1,5000,0.0,1.0
TOOLS,,1,33.0,10,0.0,1.0
SOCIAL,,0,6.2,10,0.0,1.1
FAMILY,4.2,580,2.1,10000,0.0,1.3
PRODUCTIVITY,,0,18.0,1,0.0,1.0
SPORTS,4.5,2371338,37.0,50000000,0.0,1.9
SPORTS,4.4,1690802,58.0,50000000,0.0,2.3
GAME,4.4,3344300,22.0,50000000,0.0,2.12
FAMILY,4.5,354454,71.0,10000000,0.0,6.4
SPORTS,3.9,282727,63.0,10000000,0.0,18.0
FAMILY,4.3,636995,49.0,10000000,0.0,4.34
FAMILY,4.4,567632,15.0,10000000,0.0,6.8
FAMILY,4.5,1461698,67.0,10000000,0.0,0.12
FAMILY,4.0,69574,45.0,500000,0.0,1.8
GAME,4.5,32344,29.0,1000000,0.99,1.3
FAMILY,4.0,199808,57.0,10000000,0.0,3.0
FAMILY,4.3,56444,43.0,500000,4.99,04.00
TRAVEL_AND_LOCAL,2.5,12,12.0,1000,0.0,1.4
FAMILY,4.4,201631,96.0,5000000,0.0,4.4
FAMILY,3.8,32600,26.0,1000000,0.0,1.4
FAMILY,4.4,93870,79.0,1000000,0.0,1.0
FAMILY,4.2,222664,98.0,10000000,0.0,2.6
GAME,4.1,166251,19.0,5000000,0.0,2.16
GAME,4.2,70389,28.0,1000000,0.0,5.3
GAME,3.9,172281,50.0,5000000,0.0,5.27
GAME,4.5,567984,39.0,10000000,0.0,1.7
SPORTS,4.1,820577,30.0,10000000,0.0,3.3
GAME,4.4,32496,99.0,1000000,0.99,5.3
GAME,4.3,2903386,58.0,100000000,0.0,3.2
GAME,3.4,4490,92.0,100000,0.0,1.18
GAME,3.4,1995,43.0,100000,0.0,1.2
GAME,4.4,38419,100.0,1000000,0.99,2.3
SPORTS,4.2,42767,72.0,1000000,0.0,2.0
GAME,4.4,140658,37.0,1000000,0.0,1.21
FAMILY,3.5,33178,3.1,1000000,0.0,1.0
SPORTS,4.1,585564,33.0,10000000,0.0,1.5
FAMILY,4.6,33,3.3,100,0.0,1.0
FAMILY,1.7,1172,5.6,10000,0.0,1.1
TRAVEL_AND_LOCAL,3.3,97,16.0,10000,0.0,1.6
PHOTOGRAPHY,5.0,1,5.4,10,0.0,1.0
BUSINESS,4.8,6,11.0,100,0.0,1.2
BUSINESS,,0,30.0,50,0.0,5.29
FINANCE,4.6,8,31.0,1000,0.0,18.1
BUSINESS,3.3,2915,3.3,500000,0.0,1.0
SPORTS,,6,30.0,1000,0.0,2.2
PERSONALIZATION,4.2,410,6.1,100000,0.0,33.0
BUSINESS,,4,5.2,100,0.0,1.2
PRODUCTIVITY,3.5,3930,18.0,1000000,0.0,3.0
SOCIAL,3.7,23,16.0,5000,0.0,1.0
PRODUCTIVITY,5.0,9,25.0,50,0.0,1.7
SOCIAL,,7,2.3,5000,0.0,2.0
FAMILY,,0,13.0,10,0.0,1.0
GAME,4.1,5341,8.8,100000,0.0,1.0
BOOKS_AND_REFERENCE,3.5,11,15.0,1000,0.0,9.4
SOCIAL,5.0,3,2.4,50,0.0,2.0
FINANCE,,24,70.0,1000,0.0,17.25
FINANCE,3.7,155,3.9,100000,0.0,1.0
FINANCE,4.0,37,3.9,5000,0.0,1.0
BUSINESS,,0,9.0,10,0.0,5.1
EVENTS,,2,21.0,10,0.0,1.4
FAMILY,4.2,1111,7.3,100000,0.0,3.6
LIFESTYLE,,0,1.8,1,0.0,1.0
FINANCE,4.5,28,1.4,10000,0.0,1
BUSINESS,3.8,1777,0.948,100000,0.0,1.0
FINANCE,2.5,2,5.0,1000,0.0,2.0
BEAUTY,4.0,1,2.2,100,0.0,1.0
BOOKS_AND_REFERENCE,,0,0.688,5,0.99,0.1
TOOLS,4.0,8,2.2,1000,0.0,1.0
TOOLS,4.1,28,2.5,10000,0.0,1.3
HEALTH_AND_FITNESS,,0,7.3,10,0.0,4.2
TRAVEL_AND_LOCAL,,0,90.0,10,0.0,1.0
FAMILY,3.4,159,3.1,1000,10.99,2.12
TOOLS,3.6,216,0.811,10000,0.0,2.0
TOOLS,3.4,16,4.0,5000,0.0,1.0
TOOLS,3.9,627,4.1,10000,0.0,6.0
SPORTS,4.6,549,2.8,50000,0.0,2.1
PRODUCTIVITY,4.7,1730,16.0,100000,0.0,1.5
BUSINESS,5.0,1,4.3,5,0.0,1.10
LIFESTYLE,3.9,73,3.8,10000,0.0,8.0
TOOLS,3.9,47,0.27,1000,14.99,3.1
COMMUNICATION,4.2,30350,3.7,1000000,0.0,10.0
BOOKS_AND_REFERENCE,3.5,10,3.0,5000,0.0,1.0
SOCIAL,,7,2.3,1000,0.0,2.1
TOOLS,4.1,633,3.8,100000,0.0,6.7
TOOLS,4.2,1611,2.7,100000,0.0,5.0
TOOLS,4.4,20,2.2,500,1.99,2.1
LIFESTYLE,4.5,13,28.0,1000,0.0,1.17
BOOKS_AND_REFERENCE,3.8,48,1.5,10000,0.0,1.0
BUSINESS,3.4,45,5.5,10000,0.0,1.0
BUSINESS,,0,4.0,10,0.0,1.02
BUSINESS,3.9,184,0.048,50000,0.0,1.1
FAMILY,4.5,3776,7.7,100000,0.0,8.07
PRODUCTIVITY,,3,26.0,100,0.0,1.12
LIFESTYLE,,0,8.6,50,0.0,1.0
SPORTS,3.0,9,4.3,1000,0.0,3.9
VIDEO_PLAYERS,,2,17.0,100,0.0,8.3
TOOLS,4.1,14,3.8,1000,0.0,1.278
PRODUCTIVITY,4.6,12,15.0,1000,0.0,1.2
FAMILY,,1,3.4,50,0.0,8.1
PRODUCTIVITY,3.9,162,5.0,10000,0.0,3.0
TOOLS,4.7,62,2.3,1000,0.0,1.1
TOOLS,4.5,2,1.6,100,0.0,1.3
BOOKS_AND_REFERENCE,3.4,82,2.7,10000,0.0,2.0
FAMILY,5.0,6,8.1,100,0.0,3.8
TOOLS,5.0,5,3.8,500,0.0,1.283
SPORTS,5.0,1,6.3,10,0.0,4.1
LIFESTYLE,4.0,576,7.4,50000,0.0,1.0
TOOLS,,0,12.0,50,0.0,0.0
LIFESTYLE,,2,7.9,100,0.0,3.5
BUSINESS,4.0,1,5.4,100,0.0,1.10
PRODUCTIVITY,,0,4.0,10,0.0,1.0
FINANCE,4.9,8,3.1,500,0.0,1.2
FAMILY,5.0,3,5.5,500,0.0,1.3
BOOKS_AND_REFERENCE,,0,8.4,100,0.0,1.1
TOOLS,4.6,7,3.9,1000,0.0,1.283
SPORTS,,76,0.329,10000,0.0,4.4
SOCIAL,4.8,5,3.0,100,0.0,1.0
TOOLS,4.1,7,4.2,1000,0.0,1.278
BUSINESS,4.1,13,3.8,100,0.0,1.0
TOOLS,,1,5.3,10,0.0,1.9
HOUSE_AND_HOME,,0,6.0,1,0.0,14.01
FAMILY,4.7,23,4.3,1000,0.0,1.3
PRODUCTIVITY,,0,30.0,1,0.0,1.4
GAME,5.0,5,4.6,10,0.0,1.11
PRODUCTIVITY,4.4,7,17.0,100,0.0,1.0
FAMILY,3.3,4114,14.0,100000,0.0,3.29
FAMILY,4.0,403,39.0,50000,0.0,1.7
FAMILY,3.5,208,13.0,10000,0.0,1.2
FAMILY,2.8,89,35.0,10000,0.0,1.10
FAMILY,,19,6.9,5000,0.0,1.0
FAMILY,3.6,496,14.0,100000,0.0,2.0
FAMILY,3.2,190,23.0,50000,0.0,3.0
FAMILY,3.6,2210,15.0,100000,0.0,3.1
FAMILY,3.7,150,11.0,5000,0.0,1.6
FAMILY,3.3,279,14.0,10000,0.0,1.6
FAMILY,3.1,1242,14.0,50000,0.0,1.7
FAMILY,4.1,435,17.0,50000,0.0,3.1
FAMILY,3.1,16,17.0,1000,0.0,1.6
FAMILY,3.5,268,9.8,10000,0.0,1.3
FAMILY,3.6,17,15.0,1000,0.0,1.0
TRAVEL_AND_LOCAL,2.3,23,43.0,1000,0.0,3.0
TRAVEL_AND_LOCAL,,0,19.0,100,0.0,1.1
FINANCE,2.9,26,36.0,1000,0.0,1.0
FAMILY,3.0,2,9.4,500,0.0,1.2
FINANCE,2.9,204,29.0,10000,0.0,18.1
FAMILY,3.9,13,10.0,500,0.0,2.0
BUSINESS,5.0,2,23.0,50,0.0,1.29
FAMILY,,5,10.0,100,0.0,1.2
FAMILY,3.4,79,33.0,5000,0.0,1.03
BUSINESS,5.0,8,20.0,100,0.0,1.0
PHOTOGRAPHY,,2,33.0,100,9.99,2.8
HEALTH_AND_FITNESS,4.8,17,14.0,500,0.0,1.1
FAMILY,,2,2.3,1000,0.0,1.0
FAMILY,4.2,5,54.0,50,0.0,4541.25
COMMUNICATION,,3,2.5,100,0.0,54
BUSINESS,,15,4.3,500,0.0,1.0
PRODUCTIVITY,,0,11.0,100,0.0,1.2
HEALTH_AND_FITNESS,5.0,4,15.0,50,0.0,7.7
FAMILY,,0,1.6,1,0.0,1.0
FINANCE,4.3,634,2.0,50000,0.0,2.1
FAMILY,4.6,5969,31.0,10000,12.99,4.2
TOOLS,,0,3.6,5,0.0,1.1
FINANCE,4.4,58,3.7,10000,0.0,1.9
NEWS_AND_MAGAZINES,4.8,311,14.0,5000,0.0,2.9
FAMILY,,11,6.6,1000,0.0,3.0
GAME,,4,5.1,100,0.0,12
PARENTING,4.1,27,4.6,1000,0.0,1.13
SPORTS,,3,5.3,100,0.0,1.1
FAMILY,4.6,22165,6.8,1000000,0.0,4.1806
FAMILY,4.3,392819,53.0,10000000,0.0,37893
PRODUCTIVITY,4.6,8,7.5,100,0.0,2.0
GAME,4.0,505,23.0,10000,0.0,1.0
BUSINESS,2.9,322,1.5,50000,0.0,2.13
BUSINESS,4.1,25,2.4,1000,0.0,7.0
BUSINESS,,1,25.0,50,0.0,0.0
BUSINESS,,4,30.0,1000,0.0,1.6
FINANCE,4.2,883,6.5,100000,0.0,3.1
PRODUCTIVITY,,3,4.4,100,0.0,4.2
GAME,4.3,56,23.0,1000,0.99,1.0
TRAVEL_AND_LOCAL,4.4,105,5.0,10000,0.0,2.5
BUSINESS,2.4,29,16.0,500,0.0,2.2
TOOLS,4.2,40,7.4,1000,0.0,0.9
EVENTS,,0,1.1,10,0.0,1.0
SOCIAL,,0,1.1,50,0.0,1.0
FINANCE,,1,38.0,100,0.0,1.0
TOOLS,3.1,17,0.523,1000,0.0,1.8
TOOLS,,0,0.118,10,0.0,1.0
FAMILY,3.0,2,18.0,50,2.99,2.2
BOOKS_AND_REFERENCE,4.7,6547,16.0,100000,0.0,4.0
FINANCE,3.4,42497,61.0,1000000,0.0,10.1
TRAVEL_AND_LOCAL,,0,56.0,0,3.99,1.1
BOOKS_AND_REFERENCE,4.7,24278,3.1,1000000,0.0,2.1
BOOKS_AND_REFERENCE,4.7,3776,12.0,100000,0.0,2.12
COMMUNICATION,4.2,91,6.0,10000,0.0,3.8
LIFESTYLE,5.0,3,4.0,100,0.0,1.1
FAMILY,4.5,256,30.0,10000,0.0,1.7
FAMILY,4.3,63192,17.0,1000000,0.0,1.0
BOOKS_AND_REFERENCE,3.3,7993,51.0,1000000,0.0,1.0
FAMILY,,20,31.0,1000,0.0,1.0
GAME,4.2,3946,42.0,100000,0.0,1.04
GAME,4.2,17453,99.0,1000000,0.0,1.06
BOOKS_AND_REFERENCE,4.7,14773,6.4,500000,0.0,4.1
FAMILY,4.3,2282,22.0,500000,0.0,1.0
SOCIAL,4.8,8369,63.0,50000,0.0,1.8
LIFESTYLE,4.2,1506,11.0,100000,0.0,6.5
GAME,4.0,30008,99.0,1000000,0.0,1.26
FAMILY,4.2,11002,21.0,1000000,0.0,1.0
FAMILY,4.1,47576,14.0,1000000,0.0,1.95
FAMILY,4.6,2533,46.0,100000,0.0,1.0
PRODUCTIVITY,4.6,1880,18.0,50000,1.49,6.08
FAMILY,3.8,7379,61.0,1000000,0.0,1.0
GAME,4.5,185382,99.0,10000000,0.0,1.0
FAMILY,4.4,115,31.0,10000,0.0,1.0
FAMILY,4.1,148405,26.0,10000000,0.0,1.6
FAMILY,4.0,20977,26.0,1000000,0.0,1.4
FAMILY,3.9,1619,7.0,100000,0.0,1.2
TOOLS,3.5,78,3.3,10000,0.0,1.2
PERSONALIZATION,5.0,4,3.9,100,0.0,1.0
LIFESTYLE,4.6,10,8.7,1000,0.0,7.2
FAMILY,,13,62.0,100,0.0,3.33
MEDICAL,3.6,18,3.5,1000,0.0,1.9
GAME,4.2,601,6.4,100000,0.0,1.0
BUSINESS,,1,0.921,100,0.0,1.0
GAME,3.8,13388,7.1,500000,0.0,2.0
FAMILY,,1,0.874,100,0.0,1.1
TOOLS,3.4,43,2.3,5000,0.0,3.1
SPORTS,3.8,35746,55.0,5000000,0.0,1.4
FAMILY,4.2,128,41.0,10000,0.0,1.50
FAMILY,4.2,137167,52.0,1000000,0.0,130.48
FAMILY,3.7,7203,32.0,1000000,0.0,1.0
FAMILY,4.0,267636,13.0,10000000,0.0,1.5
GAME,4.4,1294,44.0,50000,0.0,1.2
BUSINESS,4.5,234,3.4,10000,0.0,2.4
GAME,3.7,16073,94.0,500000,0.0,1.4
FAMILY,4.2,64815,23.0,5000000,0.0,1.7
FAMILY,3.9,5075,48.0,500000,0.0,2.1
GAME,3.7,63986,26.0,1000000,0.0,6.0
FAMILY,4.2,3593,19.0,500000,0.0,1.4
GAME,4.0,32522,44.0,1000000,0.0,1.2
FAMILY,3.9,1036,33.0,100000,0.0,2.6
FAMILY,4.1,27130,35.0,5000000,0.0,1.4
GAME,4.3,157264,65.0,10000000,0.0,1.31
FAMILY,4.5,157322,9.2,5000000,0.0,1.0
GAME,4.5,76627,23.0,5000000,0.0,8.16
GAME,3.3,5290,48.0,500000,0.0,1.3
GAME,4.4,1094,37.0,500000,0.0,1.1
GAME,4.2,326689,20.0,10000000,0.0,1.31
BUSINESS,4.2,6969,4.8,100000,0.0,3.9
FAMILY,4.1,138050,5.7,10000000,0.0,2.4
FAMILY,4.1,2248,29.0,100000,0.0,1.3
GAME,4.4,661,42.0,100000,0.0,1.5
FAMILY,4.1,105766,48.0,10000000,0.0,2.2
FAMILY,3.9,80313,3.7,10000000,0.0,1.7
FAMILY,3.9,70,61.0,10000,0.0,1.1
FAMILY,4.4,11442,66.0,1000000,0.0,1.4
FINANCE,3.8,4231,82.0,100000,0.0,4.3
FAMILY,3.0,42515,1.6,5000000,0.0,1.0
TOOLS,3.4,59,1.8,10000,0.0,2.3
HEALTH_AND_FITNESS,,2,85.0,50,9.99,1.4
FAMILY,,2,0.981,100,0.0,1.40
BUSINESS,5.0,4,12.0,100,0.0,1.0
COMMUNICATION,,2,4.5,10,0.0,0.0
FAMILY,4.1,211,14.0,10000,0.0,1.1
FAMILY,,0,15.0,100,0.0,0.62
FINANCE,2.4,9,3.8,1000,0.0,1.0
TOOLS,3.9,146,0.784,10000,0.0,1.15
PRODUCTIVITY,,0,7.7,10,0.0,1.1
FAMILY,,0,13.0,10,0.0,1.0
TOOLS,4.0,8,1.5,100,0.0,1.3
TOOLS,,0,13.0,50,0.0,1.1
GAME,3.0,49,7.1,5000,0.0,1.0
FAMILY,,20,3.2,10000,0.0,2.1
SPORTS,4.4,4600,21.0,500000,0.0,6.2
GAME,3.4,9051,23.0,1000000,0.0,1.2
FAMILY,2.9,72,27.0,5000,0.0,1.2
TOOLS,5.0,2,19.0,10,0.0,1.2
FAMILY,4.5,14692,45.0,1000000,0.0,1.173
FAMILY,3.7,40678,15.0,1000000,0.0,2.1
FAMILY,,0,13.0,10,0.0,1.0
GAME,4.0,127810,33.0,10000000,0.0,1.8
FAMILY,3.2,85,2.1,10000,0.0,1.0
FAMILY,3.6,209,16.0,50000,0.0,1.1
FAMILY,3.2,111,3.3,5000,0.0,1.7
SPORTS,3.7,27179,20.0,1000000,0.0,5.12
FAMILY,4.7,15,5.2,1000,0.0,1.0
FAMILY,4.4,351607,8.7,5000000,0.0,1.26
FAMILY,4.4,87045,99.0,10000000,0.0,2.0
FAMILY,4.3,31970,77.0,1000000,0.0,1.8
NEWS_AND_MAGAZINES,4.9,34,3.8,1000,0.0,6.7
FAMILY,2.6,366,6.0,50000,0.0,1.0
NEWS_AND_MAGAZINES,5.0,10,5.0,100,0.0,1.0
FAMILY,4.1,13731,55.0,1000000,0.0,1.2
NEWS_AND_MAGAZINES,4.0,4,5.3,100,0.0,25072018
GAME,4.1,104583,37.0,1000000,0.0,3.45
NEWS_AND_MAGAZINES,,10,2.3,500,0.0,1.2
SPORTS,3.3,3,12.0,1000,0.0,5.5
FAMILY,4.2,58553,50.0,1000000,0.0,3.1
NEWS_AND_MAGAZINES,4.0,33,0.28,1000,0.0,1.0
FAMILY,4.3,6669,31.0,1000000,0.0,1.0
FAMILY,,1,19.0,1,0.0,1.0
FAMILY,4.4,764967,69.0,10000000,0.0,2.3
COMMUNICATION,5.0,1,25.0,10,0.0,1.0
GAME,4.3,5339,38.0,1000000,0.0,1.0
GAME,4.4,6735,26.0,1000000,0.0,1.1
TOOLS,,10,13.0,50,0.0,5.1
LIFESTYLE,,9,6.8,100,0.0,3.0
BUSINESS,,2,4.1,5,0.0,1.2
GAME,3.9,23104,48.0,1000000,0.0,2.2
FAMILY,4.0,48731,68.0,5000000,0.0,4.0
GAME,3.8,8482,45.0,1000000,0.0,1.3
SHOPPING,,1,9.3,100,0.0,3.0
GAME,3.8,555,44.0,100000,0.0,1.0
GAME,4.4,13714,41.0,1000000,0.0,1.0
GAME,4.3,240,65.0,50000,0.0,1.0
FAMILY,4.7,143,4.4,1000,1.99,1.2
FAMILY,3.9,35989,46.0,1000000,0.0,2.3
GAME,4.2,16237,23.0,500000,0.0,1.9
FAMILY,3.8,21149,30.0,1000000,0.0,2.1
FAMILY,4.3,95,28.0,10000,0.0,1.0
FAMILY,3.8,20292,47.0,1000000,0.0,1.2
SPORTS,4.2,140883,59.0,5000000,0.0,1.932
LIFESTYLE,4.5,16426,1.6,500000,0.0,2.7
FAMILY,4.2,32812,14.0,500000,2.99,1.1
FAMILY,3.6,8091,43.0,1000000,0.0,1.0
GAME,4.0,48,4.1,1000,1.99,1.0
FAMILY,3.5,352,3.8,50000,0.0,1.0
GAME,4.4,30,47.0,5000,0.0,1.1
GAME,3.5,3048,24.0,500000,0.0,1.1
GAME,4.1,101,31.0,10000,0.0,1.5
FAMILY,4.8,3136,2.7,100000,0.0,2.19
FOOD_AND_DRINK,4.4,467,7.3,100000,0.0,6.7
FAMILY,4.3,1216,59.0,500000,0.0,1.3
FAMILY,4.0,34417,48.0,1000000,0.0,1.0
COMMUNICATION,4.2,5599,1.3,100000,2.9,6.2
WEATHER,4.4,5482,12.0,1000000,0.0,2.42
FAMILY,3.5,191,5.0,50000,0.0,5.0
PERSONALIZATION,4.3,1961,6.6,100000,0.0,1.0
TRAVEL_AND_LOCAL,4.4,22776,55.0,1000000,0.0,4.7
VIDEO_PLAYERS,4.7,316,2.8,10000,0.0,1.0
LIFESTYLE,3.8,52,10.0,10000,0.0,1.0
EVENTS,5.0,3,30.0,500,0.0,5.30
SOCIAL,4.8,725,3.7,10000,0.0,7.5
FAMILY,4.9,107,18.0,10000,0.0,1.3
GAME,4.3,697805,7.4,50000000,0.0,1.2
FAMILY,,8,17.0,100,0.0,3
FAMILY,5.0,18,1.3,50,0.0,1.0
FAMILY,,3,3.7,5000,0.0,4.1
BOOKS_AND_REFERENCE,4.9,122,26.0,5000,0.0,1.5
LIFESTYLE,4.9,82,5.0,5000,0.0,1.0
TOOLS,4.9,19,3.3,500,0.0,1.8
FAMILY,4.5,6,3.9,1000,0.0,1.0
FAMILY,,1,29.0,10,0.0,2.177
FAMILY,4.5,28,5.6,1000,0.0,1.3
FAMILY,5.0,10,3.0,10000,0.0,1.0
SOCIAL,5.0,2,1.8,10,0.0,1.0
FAMILY,3.0,1,5.8,100,0.0,1.1
COMMUNICATION,,0,5.7,10,0.0,0.3
TOOLS,,1,2.6,500,0.0,2.0
PRODUCTIVITY,4.9,42,38.0,1000,0.0,1.4
PRODUCTIVITY,5.0,43,6.2,500,0.0,1.1
MEDICAL,5.0,2,11.0,100,0.0,1.1
FAMILY,,11,1.5,1000,0.0,1.0
FAMILY,4.1,182363,62.0,10000000,0.0,2.1
FAMILY,,0,4.0,1000,0.0,1.1
FAMILY,4.1,35,3.1,50000,0.0,1.3
PHOTOGRAPHY,4.3,4871,30.0,1000000,0.0,1.0
TOOLS,4.1,4234,1.9,1000000,0.0,5.3
FAMILY,4.7,3,2.0,1000,0.0,1.0
FAMILY,,2,4.5,1000,0.0,1.4
FAMILY,4.9,11,4.3,5000,0.0,1.2
PHOTOGRAPHY,4.0,35725,9.9,1000000,0.0,1.40
FAMILY,5.0,4,2.0,100,0.0,1.0
FAMILY,5.0,4,2.3,500,0.0,1.0
TRAVEL_AND_LOCAL,,0,29.0,1,0.0,1.0
FAMILY,4.6,49210,99.0,1000000,0.0,1.2
SOCIAL,4.2,17,5.1,1000,0.0,1.3
LIFESTYLE,3.7,6667,2.7,1000000,0.0,2.4
FAMILY,5.0,5,64.0,100,0.0,1.1
FAMILY,4.3,31705,49.0,5000000,0.0,1.7
FAMILY,4.0,94308,79.0,10000000,0.0,4.2
FAMILY,4.3,32405,47.0,1000000,0.0,1.2
FOOD_AND_DRINK,4.0,848,25.0,100000,0.0,2.1
FAMILY,4.0,751,49.0,10000,0.99,1.2
TRAVEL_AND_LOCAL,3.1,1563,36.0,100000,0.0,4.3
TRAVEL_AND_LOCAL,3.4,595,22.0,100000,0.0,3.4
FAMILY,4.2,6133,7.0,100000,0.0,6.2
FAMILY,4.2,840,60.0,100000,0.0,1.1
NEWS_AND_MAGAZINES,4.1,8011,13.0,500000,0.0,4.11
NEWS_AND_MAGAZINES,,221,3.2,50000,0.0,1.1
FAMILY,4.0,20421,31.0,1000000,0.0,1.5
TRAVEL_AND_LOCAL,,12,50.0,1000,1.99,1.0
FAMILY,3.9,5933,60.0,1000000,0.0,2.6
FAMILY,4.8,36968,16.0,1000000,0.0,1.2
FAMILY,4.1,3654,25.0,100000,0.0,1.0
FAMILY,4.3,323,3.6,10000,0.0,1
FINANCE,4.3,4642,3.5,100000,0.0,5.0
FAMILY,4.4,23302,12.0,5000000,0.0,1.0
TRAVEL_AND_LOCAL,4.4,221,33.0,10000,0.0,2.4
GAME,4.5,1914,24.0,100000,0.0,3.6
TOOLS,4.5,23805,4.1,1000000,0.0,2.0
GAME,4.8,526595,49.0,10000000,0.0,2.9
FINANCE,4.5,4254,3.2,100000,0.0,2.5
SPORTS,4.6,161423,73.0,5000000,0.0,6.5
FAMILY,4.6,834,22.0,100000,0.0,1.8
TOOLS,4.5,313,4.4,10000,1.97,4.1
GAME,,2536,32.0,100000,0.0,1.00
GAME,4.4,18652,63.0,100000,2.99,2.1
LIFESTYLE,4.7,56197,15.0,1000000,0.0,1.6
FINANCE,4.5,80904,16.0,5000000,0.0,5.7
MAPS_AND_NAVIGATION,4.2,207440,6.4,10000000,0.0,7.0
MEDICAL,4.5,2923,25.0,100000,24.99,2018.5
FAMILY,4.7,244797,52.0,5000000,0.0,1.24
GAME,4.1,7904,21.0,500000,0.0,1.6
PERSONALIZATION,4.1,3175,2.3,500000,0.0,1.0
GAME,4.4,1218,15.0,500000,0.0,1.0
FAMILY,4.5,49381,6.8,1000000,0.0,1.0
GAME,3.8,2102,40.0,100000,0.0,1.1
GAME,3.9,7972,88.0,500000,0.0,56
GAME,3.5,4416,59.0,500000,0.0,2.1
PERSONALIZATION,4.2,35,0.024,1000,3.99,1.0
FAMILY,3.7,2850,39.0,500000,0.0,23
FAMILY,4.4,7006,6.9,1000000,0.0,1.17
GAME,3.6,12846,14.0,1000000,0.0,3.3
FAMILY,3.4,2714,52.0,500000,0.0,1.1
GAME,4.0,21,14.0,5000,0.99,1.3
GAME,4.5,32831,24.0,500000,0.0,17.05
FAMILY,4.4,2941,28.0,100000,0.0,2.4
GAME,4.1,2208,4.4,500000,0.0,2.0
GAME,4.4,1986068,52.0,50000000,0.0,21.54
GAME,4.3,71468,51.0,1000000,0.0,5.8
GAME,4.5,910051,76.0,10000000,0.0,5.11
FAMILY,4.5,6673,4.4,500000,0.0,1.0
GAME,4.5,114479,26.0,5000000,0.0,4.7
GAME,4.1,8608,46.0,500000,0.0,1.4
GAME,4.6,14989,78.0,500000,0.0,1.9
SPORTS,4.3,7107,33.0,100000,0.0,1.1
GAME,4.0,127831,26.0,10000000,0.0,4.7
FAMILY,,1317,60.0,100000,0.0,1.0
SPORTS,4.6,200,3.0,1000,2.49,3.9
GAME,4.6,291941,90.0,10000000,0.0,6.3
GAME,4.3,187200,28.0,10000000,0.0,18.4
GAME,4.3,246538,60.0,5000000,0.0,3.0
GAME,4.2,177542,40.0,10000000,0.0,1.0
SPORTS,4.5,36255,25.0,1000000,0.0,5.10
FAMILY,4.0,26202,41.0,1000000,0.0,1.1
FAMILY,3.8,6577,13.0,1000000,0.0,1.28
FAMILY,4.0,7243,42.0,1000000,0.0,5.13
TOOLS,4.5,57076,35.0,100000,4.49,9.4
FAMILY,4.1,200214,18.0,10000000,0.0,9.12
FAMILY,4.5,7881,53.0,500000,0.0,7.0
COMMUNICATION,4.2,44233,31.0,10000000,0.0,52.9
NEWS_AND_MAGAZINES,4.4,291901,4.3,10000000,0.0,2.6
FAMILY,4.0,5118,11.0,1000000,0.0,1.4
TOOLS,4.3,24175,8.5,5000000,0.0,1.0
FAMILY,4.3,207294,21.0,10000000,0.0,13.9
PRODUCTIVITY,4.4,162831,43.0,5000000,0.0,8.1
FAMILY,4.0,10773,10.0,1000000,0.0,8.02
FAMILY,4.7,61600,3.4,1000000,0.0,3.1
GAME,4.5,1375988,15.0,50000000,0.0,2.72
BOOKS_AND_REFERENCE,4.1,364452,7.1,10000000,0.0,9.1
FINANCE,4.3,95,1.5,10000,0.0,0.3
BUSINESS,3.5,13,21.0,1000,0.0,1.0
HEALTH_AND_FITNESS,4.7,416,34.0,10000,6.99,1.3
COMMUNICATION,,0,11.0,10,0.0,1.02
BUSINESS,2.6,13,8.9,1000,0.0,3.2
BUSINESS,4.2,8,19.0,100,0.0,1.0
SOCIAL,,1,4.2,10,0.0,1.0
BUSINESS,,0,1.1,100,0.0,1.1
BUSINESS,,0,11.0,10,0.0,2.7
BUSINESS,,0,14.0,50,0.0,1.0
BUSINESS,,1,30.0,10,0.0,1.0
HEALTH_AND_FITNESS,,15,24.0,1000,4.99,1.0
BUSINESS,,0,0.518,10,0.0,1.0
BUSINESS,,0,6.3,10,0.0,1.0
LIFESTYLE,4.3,102,41.0,10000,0.0,2.0
LIFESTYLE,,0,18.0,10,0.0,1.1
BUSINESS,,0,5.2,50,0.0,3.5
FAMILY,,0,6.7,1,0.0,1.0
BUSINESS,,0,3.1,50,0.0,1.0
BUSINESS,,0,2.0,10,0.0,1.2
FAMILY,4.4,15105,36.0,1000000,0.0,3.1
FAMILY,4.3,34514,60.0,5000000,0.0,1.2
FAMILY,,0,74.0,100,1.99,0.0
TRAVEL_AND_LOCAL,,4,11.0,100,0.0,2.0
FAMILY,4.1,288606,92.0,10000000,0.0,2.7
FAMILY,,1,83.0,100,2.49,1.0
FAMILY,4.3,151374,54.0,10000000,0.0,1.2
FAMILY,4.5,2062,42.0,500000,0.0,1.0
FINANCE,,1,23.0,100,0.0,1.0
FAMILY,4.6,6231,31.0,1000000,0.0,2.6
FAMILY,4.6,50060,98.0,1000000,0.0,1.4
FAMILY,4.7,188740,69.0,1000000,1.99,1.16
BOOKS_AND_REFERENCE,,14,0.754,500,0.99,1.1
FAMILY,4.3,1574546,37.0,50000000,0.0,6.7
FAMILY,4.2,23292,20.0,1000000,0.0,1.4
FAMILY,4.5,43852,77.0,10000000,0.0,1.9
FAMILY,4.3,13330,73.0,1000000,0.0,2.0
FAMILY,4.5,46369,33.0,10000000,0.0,2.3
TOOLS,3.5,1960,2.7,1000000,0.0,2.5
GAME,4.3,2178,57.0,500000,0.0,1.1
FAMILY,4.6,29155,83.0,1000000,0.0,1.0
FAMILY,4.5,2200,73.0,1000000,0.0,1.1
FAMILY,4.4,1516,44.0,50000,2.99,1.0
FINANCE,,2,2.8,100,0.0,3.0
PRODUCTIVITY,,4,13.0,100,0.0,3.4
BUSINESS,,3,2.1,100,0.0,1.0
FAMILY,3.4,9,28.0,500,0.0,314007
MEDICAL,4.3,267,2.3,50000,0.0,2.18
COMMUNICATION,3.8,4,0.892,100,0.0,0.99
FAMILY,4.5,144,70.0,1000,2.99,1.0
PRODUCTIVITY,,9,2.3,10,0.0,2.2
EVENTS,,0,20.0,100,0.0,1.5
LIFESTYLE,5.0,2,8.8,100,0.0,1.0
LIFESTYLE,4.9,18,24.0,1000,0.0,4.0
TOOLS,,0,21.0,100,0.0,1.1
MEDICAL,,4,15.0,100,0.99,2.12
FAMILY,5.0,3,0.154,50,0.0,1.0
LIFESTYLE,,54,21.0,5000,0.0,4.0
TOOLS,,9,4.8,100,0.0,3.0
GAME,4.2,5449,20.0,500000,0.0,1.0
GAME,4.3,5731,31.0,1000000,0.0,1.1
GAME,4.4,11023,16.0,100000,3.99,1.0
MEDICAL,2.3,11,12.0,500,0.0,1000000.6
BOOKS_AND_REFERENCE,4.7,14,27.0,1000,0.0,1.9
AUTO_AND_VEHICLES,,0,6.3,10,0.0,1.0
FAMILY,,0,11.0,10,0.0,1.0
MEDICAL,,0,2.0,50,0.99,1.6
TOOLS,4.4,13,1.5,100,0.0,4.0
FAMILY,4.3,11,20.0,500,1.99,1.0
GAME,4.4,3017,39.0,500000,0.0,1.3
MEDICAL,,0,3.2,0,200.0,1.0
GAME,4.0,454,27.0,10000,0.0,1.0
GAME,3.6,5291,7.2,100000,0.0,2.0
FAMILY,,20,23.0,500,0.0,1.0
FAMILY,4.1,39661,47.0,1000000,0.0,1.10
GAME,4.6,79,31.0,1000,0.0,1.1
FAMILY,3.9,249,21.0,10000,0.0,1.2
GAME,4.4,7,34.0,100,0.0,1.1
SHOPPING,,3,5.3,100,0.0,1.9
GAME,3.7,8014,37.0,100000,2.99,1.5
VIDEO_PLAYERS,3.9,141515,5.7,10000000,0.0,0.6
BUSINESS,,6,10.0,10,89.99,1.0
FAMILY,4.3,254861,52.0,10000000,0.0,1.20
FAMILY,4.1,227,69.0,10000,0.0,1.2
FAMILY,3.6,19601,56.0,1000000,0.0,1.0
FAMILY,3.5,2580,53.0,100000,0.0,10
FAMILY,3.9,1938,62.0,1000000,0.0,1.6
FAMILY,3.9,519,76.0,100000,0.0,12
FAMILY,3.8,1652,71.0,100000,0.0,10
FAMILY,4.0,39647,72.0,10000000,0.0,1.7
LIFESTYLE,,2,28.0,500,0.0,1.1
FAMILY,4.5,74,2.8,5000,0.0,2.0
FAMILY,3.6,12781,51.0,1000000,0.0,1.0
FAMILY,3.9,314,28.0,100000,0.0,1.1
FAMILY,4.3,429,40.0,100000,0.0,2.0
FAMILY,4.0,325,27.0,50000,0.0,1.2
FAMILY,3.7,3482,37.0,500000,0.0,1.6
FAMILY,3.9,55,46.0,10000,0.0,1.0
FAMILY,4.2,2801,50.0,500000,0.0,1.0
FAMILY,3.5,173,49.0,10000,0.0,1.0
FAMILY,4.0,154,58.0,50000,0.0,1.8
FAMILY,3.8,25,41.0,1000,0.0,1.1
FAMILY,4.1,290,73.0,10000,0.0,1.0
FAMILY,4.2,23,33.0,1000,0.0,1.0
FAMILY,4.1,214,46.0,100000,0.0,1.0
FAMILY,4.4,12,19.0,1000,0.0,1.0
FAMILY,3.7,52,32.0,10000,0.0,1.0
FAMILY,,11,30.0,5000,0.0,1.0
FAMILY,4.7,54,92.0,1000,0.0,1.0
FAMILY,3.8,20,55.0,5000,0.0,1.1
FAMILY,4.0,2936,45.0,500000,0.0,1.5
FAMILY,4.2,3263,47.0,1000000,0.0,2.6
FAMILY,3.8,515,85.0,100000,0.0,7
FAMILY,3.9,2510,48.0,500000,0.0,2.1
FAMILY,4.0,1130,77.0,100000,0.0,1.4
FAMILY,3.1,4798,30.0,500000,0.0,1.9
PRODUCTIVITY,5.0,3,28.0,10,0.0,0.1
FAMILY,3.5,246,35.0,50000,0.0,1.0
FINANCE,4.1,54,5.8,5000,0.0,1.5
FAMILY,4.5,51,39.0,5000,0.0,2.1
FAMILY,4.7,7,25.0,1000,0.0,1.0
FAMILY,4.1,120,32.0,10000,0.0,2.0
MEDICAL,,0,8.9,500,0.0,36
FAMILY,3.9,1909,84.0,100000,0.0,2.1
FAMILY,4.0,286,60.0,100000,0.0,4.0
MEDICAL,4.3,6,5.3,1000,0.0,1.4
FAMILY,3.1,269,39.0,50000,0.0,1.0
BOOKS_AND_REFERENCE,,9,20.0,1000,0.0,1.1
MEDICAL,4.2,19,20.0,1000,0.0,1.8
FAMILY,4.1,58104,17.0,5000000,0.0,4.18
TRAVEL_AND_LOCAL,3.2,58,0.018,5000,0.0,1.1
MEDICAL,,1,42.0,500,0.0,1.2
FAMILY,3.3,10449,29.0,1000000,0.0,1.7
PRODUCTIVITY,4.7,81614,6.6,500000,2.99,1.1
BUSINESS,4.3,171771,3.2,10000000,0.0,2.0
VIDEO_PLAYERS,4.2,1236,0.033,100000,0.0,1.1
PRODUCTIVITY,4.7,5867,4.4,100000,0.0,1.0
TOOLS,4.3,32207,3.4,1000000,0.0,1.1
LIBRARIES_AND_DEMO,4.2,23859,0.86,1000000,0.0,1.0
PRODUCTIVITY,4.2,14428,1.2,1000000,0.0,2.0
PRODUCTIVITY,4.2,4737,1.7,500000,0.0,2.0
TOOLS,4.1,278,2.8,100000,0.0,3.1
TOOLS,4.2,7851,0.364,1000000,0.0,2.0
TOOLS,4.3,20865,2.2,1000000,0.0,2.0
PERSONALIZATION,4.4,77609,1.9,1000000,0.0,1.14
TOOLS,4.3,11449,1.7,500000,0.0,2.0
TOOLS,3.5,11,3.0,1000,0.0,1.2
TOOLS,4.3,940,0.387,100000,0.0,2.0
VIDEO_PLAYERS,1.8,26,2.7,5000,0.0,1.0
TOOLS,4.2,513,2.0,50000,0.0,5.0
TOOLS,4.2,24,5.0,1000,0.0,1.1
TOOLS,4.6,78,0.375,10000,0.0,0.6
VIDEO_PLAYERS,4.0,944,11.0,50000,0.0,4.2
TOOLS,4.3,249,0.626,10000,0.0,1.4
TOOLS,5.0,19,11.0,500,0.0,3.4
TOOLS,3.8,24,2.9,5000,0.0,1.1
TOOLS,4.3,3509,6.5,1000000,0.0,1.0
TOOLS,3.0,4,2.0,1000,0.0,1.0
PRODUCTIVITY,5.0,1,4.2,100,0.0,1.0
FAMILY,4.6,380,6.7,10000,0.0,1.0
FAMILY,4.7,7252,9.2,500000,0.0,3.3
BUSINESS,5.0,3,4.7,100,0.0,1.2
TOOLS,4.8,337532,15.0,10000000,0.0,1
PRODUCTIVITY,3.0,460,0.161,50000,0.0,1.5
FAMILY,4.6,584070,24.0,5000000,0.0,1.4
FOOD_AND_DRINK,4.6,438,1.7,10000,0.0,2.2
COMMUNICATION,,6,2.7,500,0.0,1.0
TOOLS,4.1,38679,5.9,10000000,0.0,3.7
FAMILY,4.6,1553,9.2,100000,0.0,3.3
FAMILY,4.5,1303,13.0,100000,0.0,1.7
FINANCE,4.2,24980,9.2,1000000,0.0,2.1
NEWS_AND_MAGAZINES,4.7,273,6.3,10000,0.0,2.9
NEWS_AND_MAGAZINES,4.9,58,3.8,500,2.99,1.1
NEWS_AND_MAGAZINES,4.3,39,4.2,5000,0.0,1.0
BOOKS_AND_REFERENCE,4.4,1877,5.7,100000,0.0,2.4
FAMILY,3.6,569,18.0,100000,0.0,1.2
FAMILY,4.6,302,9.9,100000,0.0,1.0
FOOD_AND_DRINK,,95,12.0,50000,0.0,3.0
FAMILY,3.9,859,5.3,100000,0.0,0.0
FAMILY,4.3,979,9.9,100000,0.0,2.0
SOCIAL,4.8,3782,63.0,50000,0.0,1.8
NEWS_AND_MAGAZINES,3.9,878065,13.0,1000000000,0.0,5.2
FAMILY,4.4,70883,31.0,1000000,0.0,1.7
PRODUCTIVITY,4.3,201718,35.0,10000000,0.0,4.6
GAME,4.5,49971,61.0,5000000,0.0,1.3
SOCIAL,4.8,1264084,62.0,10000000,0.0,1.8
HEALTH_AND_FITNESS,4.6,251618,93.0,10000000,0.0,5.14
FAMILY,4.5,174215,93.0,10000000,0.0,2.5
COMMUNICATION,4.0,122512,0.079,10000000,0.0,0.1
HEALTH_AND_FITNESS,4.2,112384,5.0,5000000,0.0,2.1
TRAVEL_AND_LOCAL,4.7,193364,33.0,5000000,0.0,17.4
FAMILY,4.2,1260903,8.7,50000000,0.0,3.4
HEALTH_AND_FITNESS,4.6,95201,61.0,5000000,0.0,2.4
FINANCE,3.9,460,6.1,100000,0.0,1.6
FAMILY,3.6,688,26.0,50000,0.0,1.2
BOOKS_AND_REFERENCE,4.6,33,37.0,1000,0.0,1.0
COMMUNICATION,,7,19.0,1000,0.0,1.3
PERSONALIZATION,3.4,730,2.3,100000,0.0,1.95
TRAVEL_AND_LOCAL,4.2,556,4.4,50000,0.0,1.95
TRAVEL_AND_LOCAL,3.4,39,32.0,1000,2.56,1.3
PRODUCTIVITY,3.6,47,0.879,5000,0.0,9.0
PERSONALIZATION,4.2,36,5.3,1000,0.0,2.0
BOOKS_AND_REFERENCE,3.5,29,17.0,1000,0.0,2.0
PERSONALIZATION,4.3,88,4.2,1000,0.0,7.0
PERSONALIZATION,,3,5.3,100,0.0,1.1
COMMUNICATION,3.9,33,3.4,5000,0.0,2.3
PERSONALIZATION,4.3,444,12.0,10000,0.99,1.95
BUSINESS,3.6,60,1.8,10000,0.0,1.5
FAMILY,,27,12.0,1000,0.0,1.0
TRAVEL_AND_LOCAL,3.9,442,2.5,50000,0.0,1.1
FINANCE,4.3,70,3.9,10000,0.0,1.3
PRODUCTIVITY,3.7,87,2.0,10000,0.0,37.0
FAMILY,,8,7.2,100,0.0,1.1
FAMILY,3.8,4,13.0,100,0.0,3.2
GAME,,7,20.0,50,0.0,1.0
GAME,4.1,13,16.0,500,0.0,1.5
TRAVEL_AND_LOCAL,4.1,1865,22.0,100000,0.0,10.7
BUSINESS,4.7,68,3.5,10000,0.0,1.1
PERSONALIZATION,,19,2.3,1000,0.0,1.0
FAMILY,1.9,141,65.0,1000,0.0,1.8
SOCIAL,3.6,9,21.0,1000,0.0,1.2
COMMUNICATION,3.8,19,21.0,500,0.0,1.1
LIBRARIES_AND_DEMO,,3,20.0,500,0.0,1.0
NEWS_AND_MAGAZINES,4.5,67,12.0,1000,0.0,1.8
BUSINESS,2.7,358,2.0,50000,0.0,1.4
BUSINESS,,10,2.7,1000,0.0,2.6
FAMILY,4.5,13,13.0,1000,0.0,1.0
GAME,,11,7.0,100,0.0,1.3
LIFESTYLE,5.0,10,9.4,100,0.0,1.6
TOOLS,4.0,24,11.0,1000,0.0,1.0
FAMILY,,0,1.2,50,0.0,1.0
NEWS_AND_MAGAZINES,,25,18.0,1000,0.0,1.0
FAMILY,4.4,7,7.5,500,0.0,1.0
FINANCE,,0,2.6,0,30.99,1.0
NEWS_AND_MAGAZINES,4.0,2,12.0,50,0.0,1.1
BUSINESS,,0,3.1,10,0.0,1.5
BUSINESS,3.1,7,0.039,1000,0.0,1
BUSINESS,,15,4.3,1000,0.0,2.1
BOOKS_AND_REFERENCE,,0,45.0,10,3.61,2.0
FAMILY,5.0,5,15.0,50,0.0,2.3
FINANCE,,1,2.5,100,0.0,1.0
COMMUNICATION,,0,5.4,100,0.0,1.0
BUSINESS,,2,5.2,100,0.0,1
LIFESTYLE,,1,1.5,10,0.0,1.0
BOOKS_AND_REFERENCE,,2,0.97,100,0.0,1.0
FINANCE,,0,1.4,0,394.99,1.0
LIFESTYLE,,1,2.0,100,0.0,1.2
SHOPPING,,31,34.0,1000,0.0,1.3
FAMILY,,3,2.1,100,1.26,3
COMMUNICATION,3.7,98,9.7,10000,0.0,6.4
HEALTH_AND_FITNESS,3.9,21,2.2,1000,0.0,1.1
BUSINESS,,3,1.6,10,0.0,1.0
SOCIAL,,0,10.0,10,0.0,1.0
FAMILY,3.0,606,42.0,50000,0.0,1.2
BUSINESS,,1,13.0,50,0.0,1.0
BUSINESS,,0,2.7,10,0.0,0.0
PRODUCTIVITY,,0,8.7,10,0.0,1.7
NEWS_AND_MAGAZINES,,3,32.0,100,0.0,2.0
SPORTS,,2,10.0,5,0.0,1.2
TRAVEL_AND_LOCAL,4.2,238,67.0,10000,5.99,4.6
BUSINESS,3.0,2,17.0,100,0.0,1.2
MAPS_AND_NAVIGATION,,1,21.0,100,0.0,1.0
FAMILY,4.2,32200,15.0,5000000,0.0,1.2
BUSINESS,,2,12.0,100,0.0,1.2
BUSINESS,,0,9.7,10,0.0,1.0
MAPS_AND_NAVIGATION,4.2,3596,31.0,1000000,0.0,3.0
BUSINESS,3.7,195,4.0,10000,0.0,1.0
SHOPPING,4.5,928,8.6,100000,0.0,1.7
MAPS_AND_NAVIGATION,4.6,796,25.0,50000,0.0,6.7
MAPS_AND_NAVIGATION,4.7,4501,26.0,100000,0.0,3.5
MAPS_AND_NAVIGATION,4.3,891,6.4,50000,0.0,4.5
LIFESTYLE,2.3,853,88.0,50000,0.0,6.2
MAPS_AND_NAVIGATION,2.8,25,5.8,1000,0.0,2.10
TOOLS,2.8,44,41.0,10000,0.0,3.8
MAPS_AND_NAVIGATION,3.6,7,2.5,1000,0.0,3.0
AUTO_AND_VEHICLES,3.2,46,6.6,1000,0.0,3.4
MAPS_AND_NAVIGATION,3.5,106,24.0,5000,0.0,2.1
MAPS_AND_NAVIGATION,3.8,181,9.8,10000,0.0,4.0
MAPS_AND_NAVIGATION,3.5,8,32.0,1000,0.0,2.0
PRODUCTIVITY,4.2,105,72.0,1000,0.0,2.2
AUTO_AND_VEHICLES,,1,19.0,10,0.0,3.4
MAPS_AND_NAVIGATION,4.5,8,8.1,100,0.0,1.3
MAPS_AND_NAVIGATION,3.4,14,6.2,1000,0.0,2.1
AUTO_AND_VEHICLES,3.0,9,8.4,100,0.0,2.2
TRAVEL_AND_LOCAL,4.4,75,19.0,1000,0.0,2.9
PHOTOGRAPHY,4.0,26,8.5,1000,0.0,4.1
HOUSE_AND_HOME,,13,43.0,100,0.0,3.2
TOOLS,4.3,29,23.0,1000,0.0,2.7
AUTO_AND_VEHICLES,,0,48.0,5,0.0,1.2
LIFESTYLE,4.1,88,20.0,5000,0.0,5.600
LIFESTYLE,3.6,30,5.2,5000,0.0,1.0
MAPS_AND_NAVIGATION,3.7,13,3.9,1000,0.0,1.1
FAMILY,4.2,20807,52.0,1000000,0.0,1.3
TOOLS,3.7,6,1.3,1000,0.0,1.0
TRAVEL_AND_LOCAL,4.3,2649,25.0,500000,0.0,4.1
FAMILY,,2,11.0,1000,0.0,3.0
FAMILY,,11,16.0,500,0.0,2.0
FAMILY,3.3,1218,1.0,100000,0.0,1.0
FAMILY,4.4,2558,61.0,100000,0.0,2.0
FAMILY,4.0,5886,54.0,1000000,0.0,1.2
TOOLS,4.9,85,19.0,1000,0.0,1.20
FAMILY,4.0,17543,19.0,5000000,0.0,3.0
FAMILY,4.6,36813,33.0,500000,0.0,4.2
FAMILY,3.6,9389,64.0,1000000,0.0,1.3
HOUSE_AND_HOME,3.9,59660,72.0,1000000,0.0,3.4
FAMILY,3.9,2338,45.0,100000,0.0,1.1
TRAVEL_AND_LOCAL,4.2,2822,27.0,100000,0.0,1.21
FAMILY,4.4,539931,69.0,10000000,0.0,1.11
SHOPPING,,2,4.9,500,0.0,3.0
BUSINESS,,0,4.4,10,0.0,1.0
FAMILY,4.3,2223,8.6,100000,0.0,1.2
NEWS_AND_MAGAZINES,,2,13.0,100,0.0,3.5
BOOKS_AND_REFERENCE,,0,8.7,5,0.0,1.0
BUSINESS,,0,12.0,50,0.0,3.07
FINANCE,,1,29.0,100,0.0,1.0
BUSINESS,,0,5.8,10,0.0,1.0
GAME,4.3,2233,36.0,1000000,0.0,1.1
BUSINESS,,1,17.0,100,0.0,4
TOOLS,,0,17.0,5,0.0,1.0
TOOLS,3.4,5,1.9,100,0.0,1.0
NEWS_AND_MAGAZINES,3.5,66,12.0,10000,0.0,6.11
HEALTH_AND_FITNESS,,0,7.1,10,0.0,4.2
FAMILY,4.2,1330,96.0,10000,0.99,1.1
FAMILY,4.2,13752,21.0,100000,9.99,1.7
TOOLS,,1,6.5,10,0.0,1.6
NEWS_AND_MAGAZINES,,0,62.0,10,0.0,1
FAMILY,3.8,9513,82.0,100000,0.0,1.2
GAME,4.0,27557,69.0,5000000,0.0,2
FAMILY,4.5,6,22.0,500,0.0,1.0
FAMILY,3.8,127229,34.0,10000000,0.0,1.1
SOCIAL,4.9,3071,63.0,10000,0.0,1.8
WEATHER,3.5,2000,14.0,100000,0.0,4.1
TOOLS,3.0,736,1.8,100000,0.0,1.11
FAMILY,4.5,256219,95.0,10000000,0.0,1.64
BEAUTY,4.7,900,30.0,5000,0.0,1.1
FAMILY,3.3,24091,16.0,5000000,0.0,1.1
COMMUNICATION,4.1,55110,4.3,1000000,0.0,2.2
FAMILY,3.7,70105,67.0,10000000,0.0,1.0
FAMILY,3.9,13253,12.0,1000000,0.0,2.1
PERSONALIZATION,3.5,84779,8.5,5000000,0.0,2.4
GAME,4.4,83891,48.0,10000000,0.0,3.1
FAMILY,4.0,25489,62.0,1000000,0.0,2.9
FAMILY,4.0,2294,95.0,100000,0.0,1.2
GAME,4.6,568391,5.2,5000000,0.0,4.3
FAMILY,4.5,9699,23.0,100000,0.99,2.1
PERSONALIZATION,4.3,28728,2.8,500000,2.49,1.3
PERSONALIZATION,4.3,111634,13.0,5000000,0.0,2.08
PERSONALIZATION,4.1,2645,1.1,50000,0.99,11.0
WEATHER,4.2,8723,4.6,500000,0.0,1.0
TOOLS,2.7,168,0.17,5000,4.99,1.10
WEATHER,4.2,2115,1.1,500000,0.0,1.3
COMMUNICATION,2.3,223,1.0,5000,1.49,1.3
DATING,4.1,10,11.0,5000,0.0,1.1
TOOLS,2.9,33,0.141,1000,4.99,1.1
TOOLS,3.3,257,0.16,5000,4.99,1.4
MEDICAL,4.3,123,86.0,10000,0.0,0.6
TOOLS,2.9,164,0.144,5000,4.99,1.3
TOOLS,3.5,138,0.141,5000,4.99,1.6
TOOLS,2.8,130,0.143,5000,4.99,1.1
PRODUCTIVITY,,1,6.3,50,1.99,1.0
FAMILY,4.3,28151,17.0,1000000,0.0,1.0
HEALTH_AND_FITNESS,3.5,8,7.9,1000,0.0,1.0060
TOOLS,4.6,1092,0.19,100000,0.0,2.3
PERSONALIZATION,4.2,18280,6.0,1000000,0.0,1.28
WEATHER,4.2,11510,3.5,1000000,0.0,1.4
FAMILY,3.7,3258,26.0,500000,0.0,1.0
GAME,4.7,15,93.0,100,0.99,1.59
FAMILY,3.9,1550,21.0,100000,0.0,1.0
BOOKS_AND_REFERENCE,4.3,8894,2.3,100000,0.0,1.1
HEALTH_AND_FITNESS,4.0,32,64.0,5000,0.0,3.9
LIFESTYLE,4.4,129,8.1,50000,0.0,3.0
PERSONALIZATION,3.7,21,0.376,500,0.99,1.0
PERSONALIZATION,4.3,60298,13.0,5000000,0.0,1.38
BUSINESS,3.5,15,8.0,1000,0.0,20.7
SOCIAL,,0,29.0,100,0.0,2.0
FAMILY,4.3,171220,42.0,5000000,0.0,1.2
LIFESTYLE,4.0,22,19.0,5000,0.0,15.0
COMMUNICATION,4.5,5474,0.017,100000,3.99,81
TOOLS,4.2,5,2.5,100,1.49,1.6
GAME,4.3,40,3.6,5000,0.0,2.8
PERSONALIZATION,4.1,285,3.9,50000,0.0,5.0
BUSINESS,2.5,31,54.0,10000,0.0,2.6
BUSINESS,2.7,11,6.8,1000,0.0,3.1
PRODUCTIVITY,,0,38.0,50,0.0,1.20180531
FAMILY,,5,44.0,500,0.0,1.0
BUSINESS,,1,30.0,1000,0.0,5.28
BUSINESS,,0,8.4,100,0.0,1.42
FINANCE,1.2,44,27.0,1000,0.0,3.24
FINANCE,,0,10.0,1000,0.0,1.1
BUSINESS,,3,15.0,100,0.0,1.0
BUSINESS,,0,27.0,5,0.0,2.0
BUSINESS,4.7,87,5.1,10000,0.0,0.0
FINANCE,4.9,7,3.4,1000,0.0,1.0
BUSINESS,4.7,37,10.0,5000,0.0,1.5
BUSINESS,,2,19.0,100,0.0,1.6
BUSINESS,,0,54.0,5,0.0,1.0
PRODUCTIVITY,4.4,15,3.1,500,0.0,12
TOOLS,4.7,32,2.7,1000,0.0,1.11
BUSINESS,4.0,2,1.7,100,0.0,5.0
BUSINESS,,1,8.4,5,0.0,1.2
FAMILY,4.7,13,1.2,500,0.0,1.0
LIFESTYLE,4.3,218,19.0,10000,0.0,1.0
BUSINESS,,4,12.0,500,0.0,1.0
FAMILY,4.7,1327,44.0,10000,0.0,1.2
SPORTS,,0,26.0,10,0.0,1.0
GAME,4.4,499483,99.0,10000000,0.0,5.6
SOCIAL,,0,19.0,1,0.0,1.0
PRODUCTIVITY,,1,18.0,500,0.0,7.17
BUSINESS,,9,3.3,100,0.0,3.0
BUSINESS,,1,30.0,5,0.0,5.30
EVENTS,,0,24.0,10,0.0,18.4
SHOPPING,,0,4.5,10,0.0,1.0
BUSINESS,4.6,20,15.0,1000,0.0,1.4
SOCIAL,,6,10.0,50,0.0,1.3
COMMUNICATION,,239,18.0,10000,0.0,1.3
FAMILY,,0,13.0,100,0.0,1.0
TOOLS,4.4,19877,4.5,1000000,0.0,1.1
GAME,4.4,58387,3.3,1000000,0.0,1.1
GAME,4.4,54082,21.0,10000000,0.0,1.6
TOOLS,4.6,222,10.0,10000,0.0,4.2
COMMUNICATION,3.1,497,36.0,100000,0.0,8.6
FAMILY,4.3,7443,33.0,100000,0.0,1.0
COMMUNICATION,3.7,7,4.3,500,0.0,2.1
PHOTOGRAPHY,4.6,126338,9.6,1000000,0.0,2.0
HOUSE_AND_HOME,,2,0.656,100,0.0,1.3
TRAVEL_AND_LOCAL,4.1,3674,61.0,500000,0.0,1.8
SPORTS,4.2,43191,14.0,5000000,0.0,1.0
PRODUCTIVITY,4.4,936,5.4,50000,2.99,2.96
SOCIAL,4.1,34079,1.3,1000000,0.0,2.001
TOOLS,4.4,6801,2.8,500000,0.0,1.3
FAMILY,3.8,70903,47.0,1000000,0.0,2.164
PRODUCTIVITY,2.8,160,7.6,10000,0.0,4.5
AUTO_AND_VEHICLES,3.1,14,4.6,1000,0.0,16.00
PRODUCTIVITY,2.9,280,10.0,50000,0.0,1.0
VIDEO_PLAYERS,4.1,1276,4.6,100000,0.0,1.0
PHOTOGRAPHY,3.3,1461,13.0,100000,0.0,3.2
PRODUCTIVITY,3.5,626,1.2,100000,0.0,1.1
PERSONALIZATION,4.2,18926,2.9,1000000,0.0,0.5
VIDEO_PLAYERS,2.8,71,10.0,10000,0.0,3.08
AUTO_AND_VEHICLES,2.1,83,4.8,5000,0.0,1.0
GAME,4.4,3344,36.0,500000,0.0,2.1
PRODUCTIVITY,4.4,69,3.5,1000,0.0,2.79
HEALTH_AND_FITNESS,4.1,107,50.0,10000,0.0,1.0
BUSINESS,3.3,49,0.051,10000,0.0,0.59
VIDEO_PLAYERS,3.5,51,11.0,10000,0.0,8.0
TOOLS,4.7,3696,29.0,50000,0.0,4.5
PHOTOGRAPHY,3.1,7300,46.0,1000000,0.0,4.1
TOOLS,4.3,33,46.0,1000,0.0,1.0
TOOLS,4.1,533,1.4,100000,0.0,1.4
WEATHER,4.2,6849,1.2,1000000,0.0,1.9
TOOLS,2.5,15,0.228,5000,0.0,1.3
BUSINESS,3.0,287,9.8,50000,0.0,1.0
TRAVEL_AND_LOCAL,3.2,86,39.0,10000,0.0,2.5
COMMUNICATION,4.3,260,0.193,10000,0.0,1.8
TOOLS,4.3,36,12.0,5000,0.0,1.0
PRODUCTIVITY,4.2,2412,0.192,100000,0.0,0.1
FAMILY,4.3,51,57.0,5000,0.0,2018.04
TOOLS,2.2,19,2.1,1000,0.0,1.1
FINANCE,3.9,49,3.9,10000,0.0,3.34
LIFESTYLE,2.8,3187,11.0,100000,0.0,1.0
FINANCE,4.4,32,2.3,1000,0.0,2.3
BOOKS_AND_REFERENCE,4.6,595,8.5,50000,0.0,6.0
TOOLS,4.4,55,1.4,5000,0.0,1.1
TOOLS,3.9,33,0.473,5000,0.0,9.0
TOOLS,2.9,7,2.4,1000,0.0,2
VIDEO_PLAYERS,4.1,40,3.9,1000,0.0,1.0
SPORTS,5.0,7,68.0,100,0.0,1.6
TOOLS,4.6,1420,1.6,100000,0.0,1.0
COMMUNICATION,,0,1.8,5,0.0,1.0
SOCIAL,4.4,49580,4.0,10000000,0.0,1.24
SOCIAL,4.2,22650,1.5,1000000,0.0,2.4
BUSINESS,4.4,4518,26.0,1000000,0.0,1.5
BOOKS_AND_REFERENCE,3.9,46,3.0,5000,0.0,1.1
GAME,3.6,33,71.0,5000,0.0,1.2
FAMILY,3.4,17,0.246,1000,0.0,1.0
SPORTS,,0,3.6,500,0.0,1.3
TOOLS,4.3,9716,1.3,1000000,0.0,4.7
SPORTS,4.3,63782,24.0,5000000,0.0,1.1
GAME,4.4,201537,68.0,5000000,0.0,2.1
FAMILY,,35,1.3,1000,0.0,1.0
GAME,4.3,11051,44.0,1000000,0.0,1.9
SOCIAL,4.3,38826,7.0,10000000,0.0,1.6
FAMILY,,6,5.4,1000,0.0,1.1
MEDICAL,,2,7.6,1000,0.0,2.7
FINANCE,,31,14.0,1000,0.0,1.0
FAMILY,4.4,7615646,71.0,100000000,0.0,5.2
FAMILY,,0,2.6,10,0.0,1.0
SPORTS,4.0,176487,10.0,5000000,0.0,5.3
GAME,4.5,264282,48.0,10000000,0.0,3.10
FAMILY,4.6,2721923,25.0,10000000,0.0,1.13
TOOLS,4.3,15070,6.3,1000000,0.0,23.2
PHOTOGRAPHY,4.1,100179,96.0,10000000,0.0,2.52
FAMILY,4.4,318867,10.0,10000000,0.0,26.0
SPORTS,3.5,172373,47.0,10000000,0.0,1.3
TOOLS,4.1,25438,3.2,1000000,0.0,1.2
SOCIAL,4.3,9562,5.8,500000,0.0,4.1
SOCIAL,4.5,42621,23.0,1000000,0.0,2.1
TOOLS,4.0,710,1.1,100000,0.0,1.0
SOCIAL,4.3,24456,4.6,1000000,0.0,4.7
FAMILY,3.4,121,6.3,10000,0.0,2.0
COMMUNICATION,4.3,76498,4.3,1000000,0.0,6.3
SOCIAL,4.7,37090,4.8,500000,0.0,5.4
FAMILY,4.5,6396,4.2,100000,0.0,24.4
TOOLS,4.3,434,3.6,50000,0.0,1.1
SOCIAL,4.1,5285,4.0,500000,0.0,2.0
SOCIAL,4.1,68025,3.9,10000000,0.0,1.0
SOCIAL,4.4,214,8.7,10000,0.0,1.0
SOCIAL,4.6,273244,9.9,5000000,0.0,4.1
SOCIAL,,4,5.1,500,0.0,1.3
PHOTOGRAPHY,3.8,742,1.8,100000,0.0,3.0
SOCIAL,3.9,3047,1.5,100000,0.0,1.17
PRODUCTIVITY,4.2,182,7.0,50000,0.0,1.0
BUSINESS,3.7,27,18.0,5000,0.0,1.2
SOCIAL,4.3,9606,3.4,100000,0.0,2.2
SOCIAL,4.2,1236,3.3,100000,0.0,1.8
SOCIAL,3.6,40,1.5,5000,0.0,4.4
VIDEO_PLAYERS,4.3,20,5.1,5000,0.0,1.0
SOCIAL,4.3,11066,10.0,1000000,0.0,1.4
TOOLS,4.3,444,1.6,100000,0.0,1.0
VIDEO_PLAYERS,4.5,1060,3.2,100000,0.0,2.1
TOOLS,4.3,53,3.0,5000,0.0,1.0
PHOTOGRAPHY,4.7,37,10.0,1000,0.0,2.0
SOCIAL,3.8,108,2.8,10000,0.0,3.1
TOOLS,4.0,3840,2.5,100000,0.0,2.4
SOCIAL,4.1,260,1.3,10000,0.0,1.2
SOCIAL,,2,11.0,50,0.0,1.1
SOCIAL,3.9,19,15.0,5000,0.0,2.0
PRODUCTIVITY,4.3,1905,3.1,100000,0.0,7.95
SOCIAL,3.4,44,2.8,10000,0.0,4.0
BUSINESS,,6,3.7,500,0.0,1.9
VIDEO_PLAYERS,4.2,61,6.1,10000,0.0,1.0
SPORTS,4.5,207,4.5,10000,0.0,2.6
SPORTS,4.4,15221,30.0,1000000,0.0,7.30
FAMILY,4.2,1749,6.2,100000,0.0,1.0
SPORTS,4.7,5229,20.0,500000,0.0,2.1
SPORTS,4.6,342,38.0,10000,0.0,2.22
SPORTS,4.4,382,20.0,10000,0.0,3.953
SPORTS,4.4,670,3.1,10000,0.0,2.2
SPORTS,4.8,160,6.4,10000,0.0,4.0
SPORTS,4.6,37140,71.0,1000000,0.0,1.3
SPORTS,4.3,6,11.0,100,0.0,2.7
FAMILY,4.4,761,11.0,50000,0.0,2.1
SPORTS,4.4,38,2.6,10000,0.0,1.0
SPORTS,3.3,974,33.0,10000,0.0,2018.0
SOCIAL,4.5,795,21.0,50000,0.0,2.1
SPORTS,4.6,2019,41.0,100000,0.0,1.13
SPORTS,4.9,15883,21.0,100000,0.0,2.6
SPORTS,4.3,401,2.8,10000,0.0,5.0
NEWS_AND_MAGAZINES,,2,3.6,500,0.0,2.0
PRODUCTIVITY,4.5,91397,14.0,1000000,0.0,3.4
SPORTS,4.9,195,29.0,5000,0.0,2018.8
SPORTS,3.7,215,76.0,10000,0.0,2.10
PERSONALIZATION,4.5,93,5.7,10000,0.0,1.10
SPORTS,4.6,57,17.0,5000,0.0,3.0
SPORTS,4.5,191,28.0,10000,0.0,2018.8
COMMUNICATION,4.1,26,4.6,1000,0.0,1.0
MAPS_AND_NAVIGATION,,0,19.0,500,0.0,1.0
NEWS_AND_MAGAZINES,5.0,4,3.1,100,0.0,1.3
SPORTS,3.4,144,79.0,10000,0.0,4.2
SPORTS,4.5,152,36.0,10000,0.0,2018.5
SPORTS,4.8,1697,17.0,100000,0.0,1.2
GAME,4.5,2,7.8,100,1.99,1.0
SPORTS,4.5,1526,89.0,50000,0.0,4.0
SPORTS,4.5,5675,49.0,100000,0.0,3.0
SPORTS,4.5,53,12.0,1000,0.0,060816
NEWS_AND_MAGAZINES,4.5,104,3.0,10000,0.0,1.3
SPORTS,4.1,5015,57.0,100000,0.0,125
SHOPPING,4.1,41074,16.0,5000000,0.0,68
SPORTS,3.6,9,13.0,500,0.0,060816
SPORTS,4.7,2317,5.9,50000,0.0,2.0
SPORTS,4.6,216,40.0,10000,0.0,23.17
SPORTS,4.9,10,14.0,500,0.0,2.0
TOOLS,4.1,981,0.073,100000,0.0,1.2
FINANCE,4.5,166,3.5,10000,0.0,2.5
FAMILY,3.9,751,17.0,100000,0.0,3.6
FAMILY,3.9,53,7.9,5000,0.0,2.1
SPORTS,4.6,169,19.0,10000,0.0,2.0
FAMILY,3.8,729,30.0,100000,0.0,4.6
FINANCE,4.7,175,12.0,1000,0.0,5.9
BEAUTY,3.9,4354,42.0,100000,0.0,2.5
LIBRARIES_AND_DEMO,4.1,1463,7.4,100000,0.0,3.6
FAMILY,3.9,100,9.1,10000,0.0,3.6
FAMILY,4.0,105,7.5,10000,0.0,3.6
FINANCE,4.3,20,4.8,500,0.0,14
FAMILY,4.0,1007,7.4,100000,0.0,3.6
SPORTS,4.4,16,4.9,1000,0.0,1.0
FAMILY,4.1,4585,9.1,1000000,0.0,3.6
FAMILY,5.0,2,4.2,10,0.0,1.1
FINANCE,4.8,12,2.7,1000,0.0,2.1
TOOLS,,1,75.0,1,0.0,3
FINANCE,4.6,13819,3.9,1000000,0.0,3.3
FINANCE,5.0,104,2.3,1000,0.0,2.1
FAMILY,4.2,76,35.0,10000,0.0,4.5
FINANCE,4.7,42,3.5,5000,0.0,2.3
FAMILY,4.0,2378,9.1,500000,0.0,3.6
FINANCE,4.4,92,1.5,10000,0.0,1.2
FAMILY,4.9,15,26.0,1000,0.0,4.5
FAMILY,3.5,179,7.4,10000,0.0,3.6
FINANCE,4.1,7,2.1,1000,0.0,1.0
FINANCE,4.2,17,4.7,5000,0.0,2.7
FINANCE,4.4,18,3.4,10000,0.0,1.1
PHOTOGRAPHY,,2,4.2,100,0.0,0.0
FINANCE,4.5,3704,4.6,100000,0.0,34
NEWS_AND_MAGAZINES,3.1,183,7.1,10000,0.0,2.2
HEALTH_AND_FITNESS,,3,21.0,50,0.0,6.3
FINANCE,4.5,58,2.7,10000,0.0,1.6
FINANCE,4.6,106,4.4,10000,0.0,5.3
SPORTS,4.3,1539,14.0,50000,0.0,3.0
VIDEO_PLAYERS,4.4,20755,17.0,1000000,0.0,4.0
FINANCE,4.3,12,9.0,1000,0.0,1.18
TOOLS,4.8,24,4.5,5000,0.0,2.3
FAMILY,2.8,9,21.0,1000,0.0,5.33
FINANCE,4.1,125,15.0,50000,0.0,1.2
FAMILY,1.0,2,21.0,1000,0.0,5.33
BUSINESS,3.0,2,8.0,10,0.0,1.4
LIFESTYLE,5.0,19,11.0,500,0.0,1.1
GAME,4.5,5534114,53.0,100000000,0.0,1.21
FAMILY,,0,21.0,100,0.0,5.33
FAMILY,,1,2.9,10,0.0,1.4
FAMILY,,2,20.0,500,0.0,5.33
FINANCE,,0,2.9,100,0.0,3.0
FAMILY,,2,20.0,100,0.0,5.33
TRAVEL_AND_LOCAL,,2,47.0,1000,0.0,32
TOOLS,,3,12.0,1000,0.0,1.51
FAMILY,5.0,2,12.0,1000,0.0,1.0
NEWS_AND_MAGAZINES,4.1,25,17.0,1000,0.0,4.7
HEALTH_AND_FITNESS,,2,10.0,100,0.0,4.2
PERSONALIZATION,,2,26.0,100,0.0,1.0
PERSONALIZATION,,3,9.2,100,0.0,1.0
PERSONALIZATION,4.4,7,9.8,1000,0.0,1.0
FINANCE,3.0,62,17.0,10000,0.0,0.1
FAMILY,3.8,4,30.0,500,0.0,5.11
TOOLS,,0,1.8,100,0.0,1.1
AUTO_AND_VEHICLES,3.9,22,97.0,1000,0.0,1.0
BOOKS_AND_REFERENCE,,10,2.9,500,0.0,1
FOOD_AND_DRINK,,0,15.0,10,0.0,1.2
HOUSE_AND_HOME,,0,5.3,100,0.0,1.6
HEALTH_AND_FITNESS,5.0,2,8.3,50,0.0,4.2
BUSINESS,,0,20.0,100,0.0,1.2
FAMILY,,3,3.0,1000,0.0,2.1
SOCIAL,,2,5.6,100,0.0,1.0
PERSONALIZATION,4.5,52,7.9,10000,0.0,1.0
TRAVEL_AND_LOCAL,,1,22.0,100,0.0,2.8
SPORTS,,196,5.0,5000,0.0,2.1
FAMILY,,0,11.0,10,0.0,1.0
LIFESTYLE,5.0,141,15.0,1000,0.0,1.8
PERSONALIZATION,,0,7.5,100,0.0,1.1
BOOKS_AND_REFERENCE,,3,4.1,500,0.0,1.0
FAMILY,3.3,130,13.0,5000,0.0,2.0
FINANCE,,9,12.0,1000,0.0,2.1
HEALTH_AND_FITNESS,4.5,38487,60.0,1000000,0.0,5.1
TOOLS,4.9,55,25.0,1000,0.0,2.01
FAMILY,,0,4.6,10,0.0,1.0
FAMILY,,3,1.7,100,0.0,2
FAMILY,,0,6.5,10,0.0,1.0
GAME,,2,36.0,10,0.0,0.90
TOOLS,,154,17.0,10000,0.0,2.1
FAMILY,,1,6.5,50,0.0,1.0
GAME,4.3,8649,39.0,1000000,0.0,1.0
GAME,4.5,43645,46.0,5000000,0.0,2.2
FAMILY,4.1,44027,52.0,5000000,0.0,1.0
BUSINESS,4.8,6,7.7,1000,0.0,2.1
GAME,3.8,83671,30.0,10000000,0.0,9
GAME,4.1,164,17.0,10000,0.0,1.0
GAME,3.9,85410,39.0,10000000,0.0,20170920
FAMILY,,1,30.0,10,0.0,1.1
GAME,4.2,839206,12.0,50000000,0.0,1.16
GAME,4.2,20364,45.0,5000000,0.0,1.2
FAMILY,4.8,1228,29.0,10000,0.0,1.7
FAMILY,4.1,26347,48.0,1000000,0.0,14.0
GAME,4.1,71476,50.0,1000000,0.0,2.14
FAMILY,3.9,29415,66.0,1000000,0.0,2.0
SPORTS,4.1,79464,27.0,1000000,0.0,5.0
FAMILY,4.1,72522,51.0,10000000,0.0,1.54
GAME,4.2,3878,69.0,500000,0.0,1.9
SPORTS,3.7,2980,21.0,100000,0.0,1.2
PHOTOGRAPHY,3.9,28429,14.0,5000000,0.0,2.0
FAMILY,3.9,60097,19.0,1000000,0.0,5.1
FAMILY,3.6,3502,61.0,500000,0.0,1.3
FAMILY,3.7,9296,28.0,500000,0.0,1.14
GAME,3.6,12257,49.0,1000000,0.0,1.4
FAMILY,4.3,12919,94.0,1000000,0.0,1.15
GAME,3.9,8122,23.0,500000,0.0,1.8
FAMILY,4.5,221691,94.0,5000000,0.0,1.20
PHOTOGRAPHY,2.6,201,2.5,10000,0.0,2.1
PERSONALIZATION,4.4,40,13.0,5000,0.0,1.0
MEDICAL,,0,34.0,10,0.0,2.0
MEDICAL,1.0,2,33.0,100,0.0,2.0
PERSONALIZATION,,38,16.0,10000,0.0,1.0
HEALTH_AND_FITNESS,,9,0.992,500,0.0,1.0
PERSONALIZATION,,9,18.0,1000,0.0,1.0
FAMILY,,4,8.1,500,0.0,1.0
PERSONALIZATION,4.2,13,15.0,1000,0.0,1.0
FAMILY,4.8,10,8.2,1000,0.0,1.0
FAMILY,5.0,5,8.1,1000,0.0,1.0
GAME,4.3,320334,27.0,50000000,0.0,1.1
MEDICAL,4.5,30,4.1,1000,0.0,4.1
FAMILY,,9,20.0,500,0.0,2.3
BUSINESS,4.9,27,6.0,100,0.0,1.0
PERSONALIZATION,,4,17.0,500,0.0,1.0
FAMILY,,4,4.7,100,0.0,1.0
PERSONALIZATION,,14,14.0,1000,0.0,1.0
FAMILY,5.0,4,5.8,100,0.0,1.0
FINANCE,,0,9.9,1,0.0,1.0
FAMILY,,40,9.9,1000,0.0,1.2
GAME,4.2,28151,49.0,1000000,0.0,1.2
PERSONALIZATION,4.2,4,14.0,100,0.0,1.0
FAMILY,,2,7.6,500,0.0,1.0
FAMILY,,3,7.8,1000,0.0,1.0
FAMILY,4.0,73185,46.0,5000000,0.0,1.6
FINANCE,2.1,232,29.0,10000,0.0,18.1
TOOLS,,13,3.6,100,0.0,1.0
SPORTS,4.2,18584,49.0,5000000,0.0,1.7
FAMILY,,22,29.0,1000,0.0,1.10
TOOLS,2.5,247,8.2,10000,0.0,1.0
FAMILY,4.4,687136,54.0,50000000,0.0,1.5
GAME,4.4,1063,18.0,50000,0.0,1.7
GAME,4.6,2027,56.0,100000,0.0,1.5
COMMUNICATION,,5,26.0,100,0.0,1.17
FAMILY,,1,3.3,500,0.0,1.7
FAMILY,4.4,26545,40.0,1000000,0.0,2.08
FAMILY,4.2,70753,14.0,5000000,0.0,1.8
GAME,4.5,2431,24.0,100000,0.0,1.4
FAMILY,3.3,21735,37.0,1000000,0.0,1.0
GAME,4.5,2917,22.0,100000,0.0,2.6
FAMILY,4.1,83427,16.0,1000000,0.0,2.6
TOOLS,4.8,615,2.0,10000,1.99,5.2
TOOLS,4.6,424,3.5,10000,0.0,0.11
TOOLS,4.4,875,8.5,100000,0.0,1.9
COMMUNICATION,3.8,15036,0.253,1000000,0.0,1.2
COMMUNICATION,3.7,197,0.957,10000,2.99,1.0
COMMUNICATION,3.7,481,0.42,10000,0.99,1.4
PRODUCTIVITY,4.3,37277,13.0,1000000,0.0,2.3
PRODUCTIVITY,4.5,112,2.4,1000,7.99,3.0
TOOLS,3.5,154,3.4,10000,0.0,5.0
COMMUNICATION,4.0,13469,5.1,1000000,0.0,4.7
PRODUCTIVITY,2.9,32,9.7,1000,0.0,1.3
TOOLS,3.9,6736,0.072,500000,0.0,1.20
TOOLS,4.6,85,2.4,1000,2.99,1.9
LIFESTYLE,2.1,2390,35.0,100000,0.0,1.8
FAMILY,4.7,15,3.9,100,1.99,0.0
TOOLS,4.5,142,0.026,5000,1.0,1.0
TOOLS,4.1,479,0.029,50000,0.0,1.4
TOOLS,4.5,3673,5.8,500000,0.0,1.2
FAMILY,3.7,39,2.8,5000,0.0,2.4
FAMILY,2.9,691,5.8,100000,0.0,1.0
COMMUNICATION,4.0,1711,2.1,100000,0.0,1.2
PRODUCTIVITY,4.2,115,1.4,10000,0.0,1.4
FINANCE,3.7,112,3.9,10000,0.0,1.1
LIFESTYLE,3.6,346,7.5,50000,0.0,5.5
COMMUNICATION,3.9,2372,58.0,500000,0.0,4.2
COMMUNICATION,3.4,49,4.0,10000,0.0,0.1
PERSONALIZATION,3.5,1042,0.404,100000,0.0,3.0
TOOLS,4.2,134203,4.1,10000000,0.0,6.06
COMMUNICATION,3.4,37,14.0,1000,0.0,2.2
TOOLS,3.9,132,2.6,50000,0.0,0.0
LIFESTYLE,3.0,552,7.6,50000,0.0,2.0
PERSONALIZATION,3.6,128,11.0,10000,0.0,4.0
FAMILY,3.2,4,8.0,1000,0.0,1.0
COMMUNICATION,4.1,382,2.3,50000,0.0,2.5
FAMILY,4.1,3543,49.0,500000,0.0,1.1
FAMILY,4.2,1619,43.0,500000,0.0,1.3
PERSONALIZATION,4.2,78,10.0,10000,0.0,1.0
PERSONALIZATION,,1,16.0,100,0.0,1.0
GAME,4.7,32,24.0,1000,0.0,0.24
TOOLS,,2,6.2,100,0.0,1.0
AUTO_AND_VEHICLES,4.6,107,27.0,10000,0.0,2.0
FAMILY,4.5,15,46.0,1000,0.0,1.0
TOOLS,,40,2.4,5000,0.0,1.0
FAMILY,4.3,42432,36.0,1000000,0.0,1.3
PERSONALIZATION,4.5,86,17.0,10000,0.0,1.0
TRAVEL_AND_LOCAL,4.5,10,8.0,500,0.0,3.0
FAMILY,4.4,32,37.0,1000,0.0,1.0
FAMILY,4.3,30668,33.0,5000000,0.0,2.1
PERSONALIZATION,,0,15.0,100,0.0,1.0
PERSONALIZATION,,0,15.0,100,0.0,1.0
PERSONALIZATION,,2,13.0,100,0.0,1.0
PERSONALIZATION,,1,11.0,50,0.0,1.0
FAMILY,4.2,109,25.0,10000,0.0,1.4
PERSONALIZATION,,2,16.0,100,0.0,1.0
PERSONALIZATION,3.7,3,15.0,100,0.0,1.0
PERSONALIZATION,,2,15.0,100,0.0,1.0
FAMILY,4.3,26224,43.0,1000000,0.0,1.0
FAMILY,4.0,105954,43.0,10000000,0.0,1.7
GAME,3.5,2071,36.0,100000,0.0,1.0
FAMILY,4.2,38473,23.0,10000000,0.0,1.0
GAME,4.4,452589,99.0,10000000,0.0,2.2
GAME,4.2,2183,46.0,500000,0.0,1.12
TOOLS,,1,20.0,10,0.0,1.1
GAME,3.8,35171,45.0,1000000,0.0,1.2
FAMILY,3.9,2505,2.9,100000,0.0,1.2
FAMILY,4.0,660613,21.0,50000000,0.0,1.32
FAMILY,3.8,22570,35.0,1000000,0.0,1.2
GAME,3.6,182,41.0,50000,0.0,2.1
PRODUCTIVITY,4.2,12,2.2,500,0.0,8.0
TOOLS,,1,2.5,100,1.49,14
GAME,3.8,16282,35.0,1000000,0.0,1.1
VIDEO_PLAYERS,,2,1.5,10,0.0,1.0
FAMILY,3.7,187,54.0,10000,0.0,1
GAME,4.0,103199,44.0,10000000,0.0,1.0
GAME,4.2,33788,27.0,1000000,0.0,1.8
MEDICAL,4.4,1517,8.5,100000,0.0,2.5
GAME,,2,22.0,10,0.0,1.0
SPORTS,,2,26.0,10,0.0,1.0
FAMILY,4.4,129542,63.0,1000000,0.0,2.4
SPORTS,4.9,1420,20.0,10000,0.0,2.5
SPORTS,,0,26.0,10,0.0,1.0
BUSINESS,5.0,1,3.5,10,0.0,1.1
SPORTS,,0,26.0,1,0.0,1.0
TOOLS,4.8,12700,10.0,100000,3.49,3.2
SPORTS,,9,5.5,100,0.0,1.14
SPORTS,,0,26.0,10,0.0,1.0
SPORTS,,0,26.0,5,0.0,1.0
SPORTS,,5,26.0,50,0.0,1.0
SPORTS,,4,26.0,100,0.0,1.0
SPORTS,,2,26.0,50,0.0,1.0
SPORTS,,6,26.0,100,0.0,1.0
SPORTS,,2,26.0,10,0.0,1.0
FINANCE,4.0,67,2.4,10000,2.99,4
SPORTS,,0,26.0,1,0.0,1.0
SPORTS,,0,26.0,5,0.0,1.0
SPORTS,,1,26.0,50,0.0,1.0
SPORTS,,0,26.0,10,0.0,1.0
SPORTS,,1,26.0,10,0.0,1.0
SPORTS,,2,26.0,50,0.0,1.0
SPORTS,,0,13.0,10,0.0,14
SPORTS,,1,26.0,10,0.0,1.0
GAME,4.0,301895,25.0,50000000,0.0,1.4
SPORTS,,0,26.0,10,0.0,2.0
SPORTS,,3,26.0,10,0.0,1.0
SPORTS,4.9,1211,15.0,10000,0.0,1.0
PRODUCTIVITY,,0,18.0,5,0.0,7.17
GAME,3.8,25275,21.0,5000000,0.0,1.10
SPORTS,,1,26.0,5,0.0,1.0
FAMILY,4.9,119,17.0,1000,0.0,1.0
SPORTS,,0,26.0,10,0.0,1.0
SPORTS,,2,12.0,100,0.0,1.0
SPORTS,,0,26.0,5,0.0,1.0
SPORTS,,0,26.0,10,0.0,1.0
SPORTS,,3,26.0,10,0.0,1.0
SPORTS,1.5,2,26.0,5,0.0,1.0
SPORTS,,0,26.0,10,0.0,1.0
SPORTS,5.0,36,2.6,100,0.0,1.1
SPORTS,,0,27.0,10,0.0,1.0
TOOLS,4.8,1456,15.0,50000,0.0,1.2
SPORTS,,0,26.0,5,0.0,1.0
SPORTS,3.9,47688,17.0,5000000,0.0,1.0
TRAVEL_AND_LOCAL,3.7,871,45.0,100000,0.0,5.29
SPORTS,4.6,60,24.0,1000,1.99,1.03
FAMILY,4.7,246,11.0,10000,0.0,2.9
FAMILY,4.6,1481,3.1,50000,0.0,3.7
FAMILY,4.3,87,30.0,10000,0.0,6.0
FAMILY,4.2,582,3.2,100000,0.0,4.0
FAMILY,4.6,25,5.6,5000,0.0,1.11
PRODUCTIVITY,4.7,10,7.1,1000,0.0,3.9
NEWS_AND_MAGAZINES,4.6,146,7.1,10000,0.0,3.0
FAMILY,2.0,27,31.0,5000,0.0,2.1
LIFESTYLE,3.6,853,34.0,100000,0.0,3.2
TOOLS,3.2,148,9.2,50000,0.0,1.0
WEATHER,3.8,116,36.0,10000,0.0,2.0
SPORTS,4.0,1338,15.0,100000,0.0,1.18
WEATHER,3.8,30,2.0,1000,6.99,2.0
BUSINESS,3.8,17,6.1,5000,0.0,1.1
SPORTS,4.4,656,22.0,5000,0.99,0.858
FAMILY,4.4,70,4.4,5000,0.0,2.5
TRAVEL_AND_LOCAL,3.8,11,86.0,1000,0.0,6.8
TRAVEL_AND_LOCAL,4.3,100,13.0,5000,0.0,6.0
BOOKS_AND_REFERENCE,4.6,7,12.0,1000,0.0,1.0
TOOLS,1.0,3,41.0,500,0.0,1.0
BOOKS_AND_REFERENCE,3.2,5,8.2,1000,0.0,1.5
LIFESTYLE,4.7,40,8.0,1000,0.0,3.8
SPORTS,4.3,340,15.0,5000,1.99,1.18
FAMILY,4.5,65,0.47,5000,0.0,2.0
FAMILY,4.1,665,5.3,50000,0.0,8.1
FAMILY,4.9,36,9.4,1000,0.0,3.8
NEWS_AND_MAGAZINES,4.1,763,2.2,100000,0.0,2.0
PRODUCTIVITY,4.2,6,43.0,500,0.0,8.1
HEALTH_AND_FITNESS,3.5,143,0.226,10000,0.0,1.1
TRAVEL_AND_LOCAL,4.2,92,20.0,10000,0.0,4.1
LIFESTYLE,5.0,10,21.0,1000,0.0,2.18
TRAVEL_AND_LOCAL,3.8,80,37.0,10000,0.0,3.21
SPORTS,4.7,1566,26.0,50000,0.0,9.19
EVENTS,,0,3.4,10,0.0,1.0
PRODUCTIVITY,,0,22.0,100,0.0,2.4
NEWS_AND_MAGAZINES,4.5,76,7.8,5000,0.0,5.0
TRAVEL_AND_LOCAL,,11,3.4,5000,0.0,0.0
LIFESTYLE,5.0,33,28.0,500,0.0,1.9
PHOTOGRAPHY,3.3,41,7.8,5000,0.0,1.0
LIFESTYLE,5.0,14,2.6,100,0.0,2.4
WEATHER,,0,3.9,10,0.0,1.0
FAMILY,4.0,168,7.6,10000,0.0,2.0
NEWS_AND_MAGAZINES,4.5,75,8.1,5000,0.0,5.1
LIFESTYLE,3.2,5,9.5,100,0.0,1.0
NEWS_AND_MAGAZINES,4.5,14221,1.8,1000000,0.0,2.0
LIFESTYLE,4.2,53,16.0,5000,0.0,2.0
FAMILY,,1,3.2,100,0.0,2.27
FAMILY,3.7,126,45.0,10000,0.0,1.4
NEWS_AND_MAGAZINES,3.8,133,14.0,10000,0.0,4.30
TRAVEL_AND_LOCAL,5.0,3,12.0,100,0.0,1.8
PRODUCTIVITY,,0,49.0,50,0.0,17.4
LIFESTYLE,4.1,1213,13.0,100000,0.0,2.8
BUSINESS,2.9,97,9.9,10000,0.0,4.5
WEATHER,,0,3.9,10,0.0,1.0
LIFESTYLE,,1,7.6,50,0.0,1.1
WEATHER,,7,28.0,1000,0.0,4.6
FINANCE,4.7,178,12.0,1000,0.0,5.9
FAMILY,5.0,5,69.0,1000,0.0,1.5
HEALTH_AND_FITNESS,3.2,499,34.0,100000,0.0,4.2
TRAVEL_AND_LOCAL,,3,9.2,1000,0.0,1.3
FAMILY,3.8,87,5.4,5000,0.0,5.2
TRAVEL_AND_LOCAL,3.8,144,8.7,10000,0.0,5.0
TRAVEL_AND_LOCAL,4.6,8,18.0,1000,0.0,1.73
NEWS_AND_MAGAZINES,4.6,89,5.7,5000,0.0,5.0
GAME,4.4,1351833,12.0,10000000,0.0,3.0
LIFESTYLE,4.8,4,15.0,500,0.0,1.1
MAPS_AND_NAVIGATION,4.2,63,1.6,10000,0.0,1.0
NEWS_AND_MAGAZINES,3.3,202,38.0,10000,0.0,5.9
FAMILY,3.9,14,11.0,1000,0.0,1.3
NEWS_AND_MAGAZINES,4.5,3320,14.0,100000,0.0,4.30
FINANCE,4.3,133,30.0,10000,0.0,18.1
LIFESTYLE,4.4,133,13.0,10000,0.0,2.8
NEWS_AND_MAGAZINES,4.6,66407,19.0,1000000,0.0,4.1
PHOTOGRAPHY,3.4,181,10.0,10000,0.0,1.1
FAMILY,4.6,44,45.0,10000,0.0,2.1
BOOKS_AND_REFERENCE,,1,5.3,10,5.49,3.0
BOOKS_AND_REFERENCE,,1,19.0,10,6.49,3.0
SOCIAL,4.2,2093,7.0,100000,0.0,3.36
FAMILY,,0,5.6,50,0.0,1.0
PERSONALIZATION,,0,11.0,1,0.0,1.0
FAMILY,4.8,12,12.0,1000,0.0,1.1
PERSONALIZATION,5.0,4,9.2,100,0.0,1.0
PERSONALIZATION,,0,11.0,5,0.0,1.0
PERSONALIZATION,,0,13.0,10,0.0,1.0
BUSINESS,5.0,14,3.3,50,0.0,1.0
PERSONALIZATION,,0,14.0,10,0.0,1.0
BOOKS_AND_REFERENCE,,1,8.8,10,5.99,3.0
BOOKS_AND_REFERENCE,,1,7.3,10,6.49,3.0
LIFESTYLE,3.8,4,14.0,500,0.0,1.4
BOOKS_AND_REFERENCE,,1,8.5,10,6.49,3.0
FINANCE,2.9,139,3.3,10000,0.0,3.0
PHOTOGRAPHY,4.6,8,9.0,1000,0.0,1.0
PERSONALIZATION,3.8,143,0.24,5000,0.0,1.0
BOOKS_AND_REFERENCE,,0,8.2,10,6.49,3.0
BOOKS_AND_REFERENCE,,2,7.9,5,5.99,2.0
COMMUNICATION,,0,1.6,10,0.0,1.1
GAME,4.1,88941,34.0,1000000,0.0,3.1
COMMUNICATION,,0,2.1,10,0.0,1.3
GAME,4.5,16815,59.0,1000000,0.0,1.0404
BOOKS_AND_REFERENCE,,0,5.2,10,5.49,2.0
PERSONALIZATION,4.2,6,0.089,50,0.99,1.0
TOOLS,,9,3.6,500,0.0,1.4
PERSONALIZATION,2.5,6,0.234,100,0.0,1.0
PERSONALIZATION,3.5,159,0.257,10000,0.0,1.0
NEWS_AND_MAGAZINES,4.4,2207,9.8,100000,0.0,41.0
GAME,4.3,85468,36.0,1000000,0.99,2.4
SPORTS,4.2,36183,20.0,5000000,0.0,1.4
GAME,4.2,55014,28.0,1000000,0.0,1.2
FAMILY,4.1,128,3.2,10000,0.0,1.3
GAME,4.2,1012,50.0,10000,0.0,1.0
FAMILY,4.3,275048,41.0,10000000,0.0,12.2
TOOLS,4.5,1916,0.364,100000,0.0,1.8
SOCIAL,4.4,19,3.1,1000,0.0,1.4
PERSONALIZATION,5.0,5,0.861,100,0.99,0.2
FAMILY,4.6,19,1.6,500,0.0,3
COMMUNICATION,,0,15.0,100,0.0,1.0
COMMUNICATION,,1,17.0,100,0.0,1.0
COMMUNICATION,,0,16.0,100,0.0,1.0
COMMUNICATION,,5,15.0,100,0.0,1.0
COMMUNICATION,,1,11.0,100,0.0,1.0
GAME,5.0,2,16.0,1,0.99,1.0
COMMUNICATION,,2,15.0,100,0.0,1.0
FINANCE,,10,19.0,50,0.0,1.0
COMMUNICATION,,4,16.0,1000,0.0,1.1
FAMILY,,0,2.8,1,0.0,1.0
BUSINESS,,7,1.3,500,0.0,1.0
GAME,3.4,5,21.0,50,0.0,1.0
COMMUNICATION,,2,18.0,100,0.0,1.1
BUSINESS,,2,5.2,100,0.0,4.2
BUSINESS,4.6,7,2.0,500,0.0,1.0
BUSINESS,,0,9.7,1,0.0,4.1
COMMUNICATION,,0,17.0,100,0.0,1.0
PERSONALIZATION,3.8,153176,4.3,10000000,0.0,1.17
GAME,4.1,7279,54.0,1000000,0.0,1.5
SOCIAL,4.4,68358,7.2,5000000,0.0,3.22
DATING,3.0,1145,1.4,100000,0.0,2.2
PHOTOGRAPHY,4.2,162564,11.0,10000000,0.0,5.2
GAME,4.2,9183,49.0,1000000,0.0,1.1
FINANCE,3.9,28,15.0,5000,0.0,7.3
LIFESTYLE,4.2,31,25.0,1000,0.0,1.6
COMMUNICATION,4.4,36981,4.0,1000000,0.0,5.2
GAME,5.0,14,16.0,100,0.0,2.5
PERSONALIZATION,4.0,649,11.0,100000,0.0,1.0
SPORTS,4.3,111809,40.0,10000000,0.0,1.0
BOOKS_AND_REFERENCE,4.6,60,3.7,10000,0.0,1.4
PHOTOGRAPHY,4.4,26252,24.0,1000000,0.0,1.7
TOOLS,4.1,222,16.0,50000,0.0,2.2
TOOLS,4.2,271908,8.1,10000000,0.0,3.3
LIBRARIES_AND_DEMO,4.3,332083,6.3,10000000,0.0,1.9
MEDICAL,4.5,410,60.0,50000,0.0,2.1
FAMILY,3.9,121321,46.0,5000000,0.0,8.7
TOOLS,4.3,3268,0.467,100000,0.0,6.6
PERSONALIZATION,3.5,178,1.4,10000,0.0,1.0
COMMUNICATION,,0,22.0,100,0.0,3.15
FAMILY,,17,0.157,100,0.99,1.2
BUSINESS,,0,2.6,100,0.0,1.0
MAPS_AND_NAVIGATION,4.0,3,44.0,1000,0.0,3.4
GAME,3.8,196,11.0,5000,0.0,2.1
COMMUNICATION,3.6,9894,39.0,500000,0.0,23.01
PHOTOGRAPHY,4.3,316378,4.4,10000000,0.0,4.0
TOOLS,4.2,8484,1.7,1000000,0.0,0.15
LIFESTYLE,5.0,32,7.9,1000,0.0,0.7
FAMILY,3.4,16,1.2,500,0.0,1.0
FINANCE,,1,2.0,100,0.0,1.0
FINANCE,,1,5.8,1,0.0,1.0
TOOLS,,9,61.0,1000,0.0,1.9
PERSONALIZATION,3.5,96,3.8,5000,0.0,2.0
COMMUNICATION,,0,3.3,10,0.0,1.2
GAME,3.7,38,29.0,1000,0.0,1.12
TOOLS,4.2,2531,3.3,100000,0.0,1.2
FAMILY,,24,0.044,1000,0.0,1.0
FINANCE,3.6,48,26.0,5000,0.0,4.6
SHOPPING,4.5,33599,12.0,1000000,0.0,3.9
BUSINESS,4.2,123,3.3,10000,0.0,3.5
MAPS_AND_NAVIGATION,4.3,334,0.676,10000,0.0,1.3
TOOLS,4.4,58,2.5,5000,0.0,2017.07
TOOLS,2.7,422,72.0,50000,0.0,2.4
TOOLS,4.1,10786,4.3,1000000,0.0,5.0
TOOLS,,17,0.067,1000,0.0,1.1
HEALTH_AND_FITNESS,4.4,35,2.4,1000,7.99,1.9
BOOKS_AND_REFERENCE,,5,8.0,1000,0.0,1.0
NEWS_AND_MAGAZINES,,0,11.0,10,0.0,1.1
FAMILY,4.5,922,0.552,50000,0.0,1.1
AUTO_AND_VEHICLES,,1,0.885,1,0.0,10.0
TOOLS,2.9,452,7.0,100000,0.0,1.03
EVENTS,4.8,8,16.0,500,0.0,1.0
MEDICAL,3.8,63,24.0,10000,0.0,2.3
LIFESTYLE,,1,12.0,100,0.0,1.0
GAME,4.0,795,41.0,100000,0.0,1.2
PRODUCTIVITY,3.9,17,2.4,1000,0.0,1.1
BUSINESS,,0,3.9,100,0.0,1.1
LIFESTYLE,,0,8.9,10,0.0,7.2
NEWS_AND_MAGAZINES,,0,36.0,10,0.0,3.8
SPORTS,,1,9.0,1,0.0,1.0
GAME,5.0,1,24.0,10,0.0,2.0
GAME,3.9,404,2.2,100000,0.0,1.2
FAMILY,4.0,939,38.0,10000,0.0,1.0
FAMILY,3.6,135,75.0,10000,0.0,1.022
FAMILY,4.1,17,50.0,1000,0.0,15
GAME,4.3,834117,44.0,10000000,0.0,1.25
GAME,3.8,252,11.0,10000,16.99,2.22
GAME,4.2,340,72.0,50000,0.0,1.0
GAME,4.3,245455,84.0,10000000,0.0,2.8
FAMILY,4.2,1405,9.5,10000,1.2,2.7
TOOLS,4.2,455,2.8,50000,0.0,1.6
GAME,4.1,297,48.0,50000,0.0,1.2
PERSONALIZATION,,1,20.0,500,0.0,1.0
GAME,4.0,368,48.0,50000,0.0,1.7
COMMUNICATION,4.1,1035,20.0,50000,0.0,3.20
GAME,4.0,1287,38.0,50000,0.0,1.0
GAME,4.2,21661,16.0,1000000,0.0,1.3
GAME,4.4,28510,78.0,500000,0.0,2.6
FAMILY,,13,5.7,1000,0.0,1.6
TOOLS,4.2,7339,4.0,100000,0.0,1.74
TOOLS,4.7,61445,7.8,1000000,0.0,1.9
LIFESTYLE,4.6,32433,46.0,1000000,0.0,2.9
FAMILY,,0,1.02,50,1.04,1.1
SOCIAL,4.7,2036,6.8,100000,0.0,1.72
TOOLS,4.1,174,12.0,5000,0.0,6.04
FAMILY,4.9,52,19.0,1000,0.0,1.0
FAMILY,4.0,185,28.0,10000,0.0,1.3
GAME,4.3,56496,81.0,1000000,0.0,1.5
GAME,4.2,5442,17.0,100000,0.0,4.1
LIFESTYLE,4.3,3,15.0,100,0.0,2.1
MEDICAL,,1,42.0,500,0.0,1.2
TOOLS,,2,4.2,100,0.0,1.283
LIFESTYLE,,96,1.0,50000,0.0,1.5
FAMILY,4.7,376223,24.0,1000000,0.0,1.4
BUSINESS,4.8,19,21.0,100,0.0,1.0
AUTO_AND_VEHICLES,,4,3.9,100,0.0,1.3
FAMILY,4.1,80,13.0,1000,0.0,2.0
BUSINESS,,20,2.7,10000,0.0,2.1
FAMILY,4.0,785,31.0,50000,0.0,1.3
BOOKS_AND_REFERENCE,4.2,5775,4.9,500000,0.0,7.0
BUSINESS,,2,6.8,100,0.0,2.1
TOOLS,4.0,885,8.0,100000,0.0,1.0
FINANCE,,96,1.5,10000,0.0,2.3
BOOKS_AND_REFERENCE,3.3,52,3.6,5000,0.0,0.3
FAMILY,5.0,22,8.6,1000,0.0,3.8
FAMILY,,6,2.5,50,0.0,1.0
PRODUCTIVITY,,0,3.1,10,0.0,1
VIDEO_PLAYERS,,1,2.9,100,0.0,1.0
MEDICAL,,67,82.0,10000,0.0,2.2
SOCIAL,,7,7.7,100,0.0,1.0
FAMILY,4.2,117,13.0,5000,0.0,2.0
COMICS,3.4,291,13.0,10000,0.0,2.0
BOOKS_AND_REFERENCE,4.6,603,7.4,10000,0.0,2.96
NEWS_AND_MAGAZINES,3.8,881,2.3,100000,0.0,1.5
MAPS_AND_NAVIGATION,,38,9.8,5000,0.0,2.0
WEATHER,3.8,1195,0.582,100000,0.0,6.0
BOOKS_AND_REFERENCE,4.8,44,0.619,1000,0.0,0.8
FAMILY,4.0,7,2.6,500,0.0,1.0
BUSINESS,,0,9.6,10,0.0,1.1
FAMILY,4.5,38,53.0,5000,0.0,1.48
FAMILY,5.0,4,3.6,100,0.0,1.0
MEDICAL,,3,9.5,1000,0.0,1.0
